0 2 5 7 9 10 12 14
0 1 2 3 4 5 6 15
0 1 2 4 6 8 10 16
0 1 2 3 4 6 8 17
0 1 2 5 7 9 10 18
1 3 4 5 6 11 13 19
1 2 3 4 7 8 13 20
0 2 3 5 6 9 12 21
0 1 2 3 4 7 8 22
0 1 3 4 6 8 11 23
0 2 5 6 9 10 12 14
0 1 2 5 6 9 10 15
0 1 2 4 6 8 10 16
0 1 2 3 4 6 8 17
0 1 2 5 7 9 10 18
0 1 3 4 5 7 11 19
1 4 7 8 10 11 13 20
0 2 3 5 6 9 12 21
0 1 3 4 5 7 11 22
0 2 5 7 9 10 12 14
1 3 4 6 8 11 13 23
0 1 2 3 4 5 6 15
1 2 3 4 6 8 13 16
0 1 2 3 4 6 8 17
0 1 2 7 8 9 10 18
0 3 4 5 6 11 12 19
1 3 4 7 8 11 13 20
0 2 3 5 6 9 12 21
2 5 7 9 10 12 13 14
1 2 3 4 5 7 13 22
0 1 3 4 6 8 11 23
1 2 3 4 5 6 13 15
0 1 2 4 6 8 10 16
0 1 2 3 4 6 8 17
0 1 2 5 7 9 10 14
2 5 7 9 10 12 13 18
0 1 4 5 6 10 11 19
2 3 4 7 8 12 13 20
0 1 2 3 4 5 6 21
0 1 2 3 4 5 6 22
0 1 2 3 4 6 8 15
0 1 3 4 6 8 11 23
0 1 2 4 6 8 10 16
0 1 2 3 4 6 8 17
0 2 5 7 9 10 12 14
0 1 2 5 6 9 10 18
1 3 4 5 6 11 13 19
1 2 3 4 7 8 13 20
0 2 3 6 8 9 12 21
0 2 3 4 5 6 12 15
0 1 2 3 4 5 7 22
0 1 3 4 6 8 11 23
1 2 4 6 8 10 13 16
0 2 3 4 6 8 12 17
2 4 5 7 10 12 13 14
0 1 2 5 7 9 10 18
1 4 5 6 10 11 13 19
1 2 4 6 8 10 13 20
0 2 3 4 5 6 12 21
0 1 3 4 5 6 11 15
1 2 5 7 9 10 13 22
0 1 2 4 6 8 10 16
0 1 2 4 6 8 10 23
0 1 3 4 7 8 11 17
0 2 5 7 9 10 12 14
0 1 2 5 7 9 10 18
0 1 3 5 6 9 11 19
0 1 2 3 4 7 8 20
0 2 3 5 6 9 12 21
0 2 3 4 5 6 12 15
0 2 4 5 7 10 12 22
0 1 2 4 6 8 10 16
0 1 2 3 4 6 8 17
0 1 3 4 6 8 11 23
0 1 2 3 7 8 9 14
0 1 3 4 5 6 11 15
0 1 2 5 7 9 10 18
0 1 5 6 9 10 11 19
1 2 3 7 8 9 13 20
0 2 3 5 7 9 12 21
0 1 2 4 6 8 10 16
0 1 2 3 4 5 7 22
0 1 2 3 4 5 6 17
0 1 3 6 8 9 11 23
1 2 5 7 9 10 13 14
0 1 2 3 5 6 9 15
0 1 2 5 7 9 10 18
0 1 3 4 5 6 11 19
1 2 3 4 6 8 13 20
0 3 5 6 9 11 12 21
0 1 2 4 6 8 10 16
0 1 2 3 4 5 7 22
0 1 2 3 4 7 8 17
0 2 3 5 7 9 12 14
0 1 2 3 4 5 6 23
0 1 2 3 4 6 8 15
0 1 2 5 7 9 10 18
0 1 3 5 6 9 11 19
1 2 3 4 7 8 13 20
0 2 3 4 5 6 12 21
0 1 3 6 8 9 11 16
0 1 2 3 4 6 8 17
0 1 2 3 4 5 6 22
0 2 4 5 6 10 12 14
0 1 3 4 6 8 11 23
1 2 3 5 6 9 13 15
1 2 4 5 7 10 13 18
0 1 3 4 5 6 11 19
1 2 3 4 7 8 13 20
0 1 2 4 6 8 10 16
0 3 5 6 9 11 12 21
0 2 5 7 9 10 12 14
0 2 3 4 5 7 12 22
0 1 2 3 4 6 8 17
0 1 2 3 4 5 6 15
0 1 4 6 8 10 11 23
0 1 2 6 8 9 10 16
0 1 2 5 7 9 10 18
0 3 4 6 8 11 12 19
1 2 3 4 7 8 13 20
0 2 3 5 6 9 12 21
0 2 5 7 9 10 12 14
0 1 2 3 4 5 7 22
0 1 2 3 4 6 8 17
1 2 4 5 6 10 13 15
0 1 2 4 6 8 10 16
0 1 2 3 4 6 8 23
0 2 5 7 9 10 12 18
0 1 3 4 5 7 11 19
1 2 3 4 7 8 13 20
0 2 3 4 5 6 12 21
0 2 3 5 7 9 12 14
0 1 3 4 7 8 11 17
0 1 2 3 4 5 7 22
0 1 2 3 4 5 6 15
0 2 5 7 9 10 12 14
0 1 2 3 4 6 8 23
0 2 5 7 9 10 12 18
3 4 5 6 11 12 13 19
1 2 3 4 7 8 13 20
0 2 3 5 6 9 12 21
0 1 2 4 5 6 10 16
0 3 4 6 8 11 12 17
1 2 3 5 7 9 13 22
0 1 2 3 4 5 6 15
0 2 4 5 7 10 12 14
0 1 2 5 7 9 10 18
0 1 3 4 6 8 11 23
0 3 4 5 6 11 12 19
2 3 4 7 8 12 13 20
0 1 2 4 6 8 10 16
0 2 3 5 6 9 12 21
1 2 3 4 6 8 13 17
0 1 2 3 4 6 8 15
0 1 2 3 4 5 7 22
0 1 2 7 8 9 10 14
0 1 2 4 7 8 10 16
0 1 2 3 4 6 8 23
0 1 5 7 9 10 11 18
0 1 3 4 5 6 11 19
1 3 4 7 8 11 13 20
2 3 5 6 9 12 13 21
0 1 2 4 6 8 10 17
0 2 3 4 5 6 12 15
0 1 2 3 4 7 8 22
0 4 5 7 10 11 12 14
0 1 2 4 6 8 10 16
0 1 2 5 7 9 10 18
0 1 3 4 6 8 11 23
0 1 3 4 6 8 11 19
1 2 3 4 7 8 13 20
0 2 3 5 6 9 12 21
0 1 2 3 4 6 8 17
0 1 2 5 6 9 10 15
0 2 5 7 9 10 12 14
0 1 2 4 5 7 10 22
0 2 4 6 8 10 12 16
0 1 2 3 5 7 9 18
0 1 3 4 6 8 11 19
0 1 3 4 7 8 11 23
1 2 3 4 7 8 13 20
1 2 4 6 8 10 13 17
0 2 3 5 6 9 12 21
0 1 2 4 5 6 10 15
0 2 5 7 9 10 12 14
0 1 2 3 4 5 6 22
0 1 4 6 8 10 11 16
0 1 2 5 7 9 10 18
0 1 2 4 6 8 10 17
0 1 3 4 6 8 11 23
1 2 4 7 8 10 13 20
1 2 3 4 5 7 13 19
0 1 2 3 5 6 9 21
0 1 2 3 4 5 6 15
0 2 5 7 9 10 12 14
0 1 2 3 4 5 7 22
0 1 2 4 6 8 10 16
0 1 2 3 4 6 8 17
0 1 2 5 7 9 10 18
0 1 4 6 8 10 11 19
0 1 3 4 6 8 11 23
1 2 3 4 7 8 13 20
0 2 3 4 5 6 12 21
0 1 2 3 4 5 7 15
0 2 5 7 9 10 12 14
0 1 2 4 6 8 10 16
0 1 2 3 4 5 6 22
0 1 2 4 6 8 10 17
0 1 2 3 5 7 9 18
0 3 4 5 6 11 12 19
0 1 3 4 6 8 11 23
1 2 3 7 8 9 13 20
0 2 3 4 5 7 12 21
0 3 4 5 6 11 12 15
0 2 5 6 9 10 12 14
0 1 4 6 8 10 11 16
0 1 2 3 4 5 6 22
1 2 3 4 6 8 13 17
0 1 2 5 7 9 10 18
0 1 3 4 5 6 11 19
1 2 4 7 8 10 13 20
0 1 3 4 6 8 11 23
0 2 5 7 9 10 12 14
0 2 3 5 6 9 12 21
0 2 3 4 6 8 12 15
1 2 4 6 8 10 13 16
0 5 7 9 10 11 12 14
0 1 2 4 5 7 10 22
0 1 2 5 7 9 10 18
0 1 2 3 4 6 8 17
0 1 3 4 5 6 11 19
1 2 3 4 7 8 13 20
0 1 3 4 6 8 11 23
0 2 3 5 7 9 12 21
0 1 2 3 4 5 6 15
0 1 2 4 6 8 10 16
0 2 5 6 9 10 12 14
0 1 2 3 4 5 7 22
0 1 2 3 4 6 8 17
0 1 2 5 7 9 10 18
0 1 3 4 5 6 11 19
1 2 3 4 7 8 13 20
0 1 3 6 8 9 11 23
0 2 3 5 6 9 12 21
0 1 3 4 5 6 11 15
0 1 2 6 8 9 10 16
0 2 4 5 7 10 12 14
0 1 2 3 4 5 6 22
0 1 4 5 6 10 11 17
0 1 2 5 7 9 10 18
0 1 3 4 5 6 11 19
1 2 3 4 7 8 13 20
0 1 2 3 4 5 6 15
0 1 3 4 7 8 11 23
0 2 3 5 6 9 12 21
0 1 2 4 6 8 10 16
0 2 3 5 7 9 12 14
0 1 2 3 4 6 8 17
0 1 2 3 5 7 9 22
0 1 2 5 7 9 10 18
0 1 3 4 6 8 11 19
1 2 4 7 8 10 13 20
0 1 2 3 4 5 6 15
0 1 3 4 6 8 11 23
0 2 3 5 6 9 12 21
0 1 4 6 8 10 11 16
0 2 5 7 9 10 12 14
1 2 4 6 8 10 13 17
0 1 2 3 4 5 7 22
1 2 5 7 9 10 13 18
0 1 2 3 4 5 6 15
0 1 3 5 6 9 11 19
1 2 7 8 9 10 13 20
0 2 3 4 5 6 12 21
1 3 4 6 8 11 13 23
0 1 2 5 7 9 10 14
1 2 4 7 8 10 13 16
0 1 2 3 4 6 8 17
0 1 2 3 4 5 6 15
0 1 2 3 5 7 9 22
0 1 2 5 6 9 10 18
0 1 4 5 6 10 11 19
1 2 3 4 7 8 13 20
0 2 3 5 6 9 12 21
0 2 5 7 9 10 12 14
0 1 3 4 6 8 11 23
0 1 2 6 8 9 10 16
0 1 2 3 4 6 8 17
0 1 2 3 4 5 6 15
0 1 2 3 4 5 7 22
1 2 5 6 9 10 13 18
0 1 3 4 5 6 11 19
1 2 3 4 7 8 13 20
0 2 5 7 9 10 12 14
0 3 4 6 8 11 12 21
0 3 4 7 8 11 12 23
0 1 2 3 4 6 8 16
0 1 2 3 4 6 8 17
0 1 3 4 5 7 11 15
0 1 2 3 4 5 7 22
0 1 5 7 9 10 11 18
0 1 3 4 5 7 11 19
1 2 3 4 6 8 13 20
0 2 5 7 9 10 12 14
0 2 3 5 6 9 12 21
0 1 2 4 6 8 10 16
1 3 4 6 8 11 13 23
0 1 2 3 4 7 8 17
0 1 2 3 4 5 6 15
0 1 2 5 7 9 10 18
0 1 2 3 4 5 7 22
2 5 7 9 10 12 13 14
0 1 3 4 5 6 11 19
1 2 3 4 7 8 13 20
0 2 3 5 7 9 12 21
0 1 2 6 8 9 10 16
0 1 3 4 6 8 11 23
0 1 2 3 4 5 6 17
0 1 2 3 4 5 6 15
0 2 5 7 9 10 12 14
3 4 7 8 11 12 13 22
0 1 2 5 7 9 10 18
0 4 5 6 10 11 12 19
1 2 3 4 7 8 13 20
0 2 3 5 6 9 12 21
0 1 2 3 4 6 8 16
1 3 4 6 8 11 13 17
1 4 5 6 10 11 13 23
0 2 3 5 6 9 12 15
0 2 3 4 5 6 12 14
0 1 2 5 7 9 10 18
0 1 2 3 4 5 7 22
0 1 3 4 5 6 11 19
2 3 4 7 8 12 13 20
0 1 2 4 6 8 10 16
0 3 5 7 9 11 12 21
0 1 2 3 4 7 8 17
0 1 2 3 4 5 6 15
1 4 6 8 10 11 13 23
0 2 3 5 7 9 12 14
0 2 5 7 9 10 12 18
0 1 2 5 6 9 10 22
0 1 3 4 5 6 11 19
1 2 3 4 7 8 13 20
0 1 2 4 6 8 10 16
0 2 3 5 6 9 12 21
1 2 3 4 5 6 13 15
0 2 3 4 6 8 12 17
0 1 3 6 8 9 11 23
0 2 5 7 9 10 12 14
0 1 2 5 7 9 10 18
0 2 4 7 8 10 12 16
0 1 2 3 4 5 7 22
0 1 3 4 5 6 11 19
2 3 4 7 8 12 13 20
0 2 3 5 6 9 12 21
0 1 2 3 4 5 7 15
0 2 3 4 5 6 12 17
2 5 7 9 10 12 13 14
0 1 3 4 6 8 11 23
0 1 2 4 6 8 10 16
0 2 5 7 9 10 12 18
0 1 2 3 4 5 7 22
0 1 3 4 5 6 11 19
1 2 3 4 7 8 13 20
0 1 2 4 6 8 10 15
0 2 3 5 6 9 12 21
0 1 2 3 4 5 6 17
0 2 5 6 9 10 12 14
0 1 3 4 6 8 11 23
0 1 2 4 6 8 10 16
0 1 2 5 7 9 10 18
0 1 2 3 4 5 7 22
0 1 3 4 5 6 11 19
1 2 3 4 7 8 13 20
0 1 2 3 4 6 8 15
0 2 3 5 6 9 12 21
0 1 2 4 7 8 10 17
0 2 3 5 7 9 12 14
0 2 4 6 8 10 12 16
0 1 6 8 9 10 11 23
0 1 2 5 7 9 10 18
0 1 3 4 6 8 11 15
0 1 2 3 4 5 7 22
1 3 4 7 8 11 13 20
0 1 3 4 5 6 11 19
0 2 3 5 6 9 12 21
0 1 2 3 4 6 8 17
0 2 5 6 9 10 12 14
0 2 3 4 6 8 12 16
0 1 2 5 7 9 10 18
0 1 3 4 6 8 11 23
0 1 2 3 4 5 6 15
0 1 2 3 4 5 7 22
0 3 5 6 9 11 12 19
1 2 4 5 7 10 13 20
0 3 5 6 9 11 12 21
0 1 2 3 4 6 8 17
0 2 5 7 9 10 12 14
0 1 2 6 8 9 10 16
0 1 2 3 4 5 6 15
0 1 3 4 6 8 11 23
0 1 2 5 7 9 10 18
0 1 4 5 6 10 11 19
0 2 3 4 5 7 12 22
1 2 3 4 7 8 13 20
0 1 3 4 6 8 11 17
0 2 3 4 5 6 12 21
0 2 5 7 9 10 12 14
0 1 6 8 9 10 11 16
0 1 2 3 4 5 6 15
1 2 5 7 9 10 13 18
0 1 3 4 6 8 11 23
0 1 3 4 5 6 11 19
0 1 2 3 4 5 7 22
1 2 4 7 8 10 13 20
0 1 2 3 6 8 9 17
2 3 5 6 9 12 13 21
0 2 5 7 9 10 12 14
0 2 3 4 5 6 12 15
0 1 2 4 7 8 10 16
0 2 5 7 9 10 12 18
0 1 3 6 8 9 11 23
0 1 2 3 4 6 8 17
0 1 2 3 4 5 7 22
0 1 2 3 4 7 8 20
0 1 3 4 5 6 11 19
0 2 3 5 6 9 12 21
0 2 5 7 9 10 12 14
0 1 2 4 5 7 10 15
0 1 2 4 6 8 10 16
0 1 2 5 7 9 10 18
0 1 3 4 6 8 11 17
1 2 3 4 6 8 13 23
0 1 4 5 6 10 11 19
0 1 2 3 4 5 7 22
1 3 4 5 7 11 13 20
0 2 5 7 9 10 12 14
0 2 3 5 6 9 12 21
0 1 3 4 5 6 11 15
0 1 2 4 6 8 10 16
0 1 2 3 4 6 8 17
0 2 5 6 9 10 12 18
0 1 2 3 4 5 6 19
1 3 4 6 8 11 13 23
0 1 2 3 5 7 9 22
1 2 4 7 8 10 13 20
0 2 5 7 9 10 12 14
0 2 3 5 6 9 12 21
0 5 7 9 10 11 12 14
0 1 2 6 8 9 10 16
0 1 2 3 4 5 6 15
0 1 2 5 7 9 10 18
0 1 3 4 5 6 11 19
0 1 3 4 6 8 11 23
1 2 3 4 7 8 13 20
0 1 2 3 4 5 7 22
0 1 2 3 4 6 8 17
0 2 3 5 6 9 12 21
0 2 5 7 9 10 12 14
0 1 4 6 8 10 11 16
0 1 2 3 4 5 6 15
0 1 2 5 7 9 10 18
0 1 2 4 6 8 10 17
0 1 2 3 4 5 6 19
0 1 3 4 6 8 11 23
0 1 2 5 7 9 10 22
0 1 2 3 4 7 8 20
0 2 5 6 9 10 12 21
0 2 5 7 9 10 12 14
0 1 2 4 6 8 10 16
0 2 3 4 5 6 12 15
0 2 5 7 9 10 12 18
0 1 2 3 4 6 8 17
0 3 4 5 6 11 12 19
0 1 3 4 7 8 11 23
0 1 2 3 4 5 7 22
1 2 3 4 7 8 13 20
0 2 5 7 9 10 12 14
2 3 5 6 9 12 13 21
0 1 2 4 6 8 10 16
0 1 2 3 4 5 6 15
0 1 3 4 7 8 11 17
0 1 2 3 5 7 9 18
0 1 3 4 5 6 11 19
1 2 3 4 7 8 13 20
0 1 3 4 6 8 11 23
0 1 2 3 4 5 7 22
0 5 7 9 10 11 12 14
0 1 2 3 5 6 9 21
0 1 2 4 6 8 10 16
0 1 2 3 4 5 6 15
0 1 2 3 5 6 9 17
0 1 2 5 7 9 10 18
0 1 3 4 5 6 11 19
1 2 3 4 7 8 13 20
0 1 2 3 4 5 7 22
0 1 3 4 6 8 11 23
0 2 5 7 9 10 12 14
0 3 6 8 9 11 12 21
0 1 2 4 6 8 10 16
0 1 3 4 5 7 11 15
0 1 2 3 4 6 8 17
0 2 5 7 9 10 12 18
0 3 5 7 9 11 12 14
0 1 3 5 7 9 11 19
1 2 3 4 7 8 13 20
0 1 3 4 6 8 11 23
0 1 2 3 4 7 8 22
0 1 2 4 6 8 10 16
0 2 3 5 6 9 12 21
0 2 3 5 7 9 12 15
0 1 2 3 4 5 6 17
0 1 2 5 7 9 10 18
0 2 5 7 9 10 12 14
0 1 3 4 5 6 11 19
1 2 4 7 8 10 13 20
0 1 2 3 4 5 7 22
0 1 3 4 6 8 11 23
1 2 4 6 8 10 13 16
0 2 3 4 6 8 12 21
0 1 2 3 4 5 6 15
0 2 3 4 6 8 12 17
0 2 4 5 7 10 12 14
0 1 2 5 7 9 10 18
0 3 4 7 8 11 12 19
1 2 3 4 7 8 13 20
0 1 2 4 6 8 10 16
0 1 2 3 4 6 8 23
0 1 2 3 4 5 7 22
0 2 3 5 6 9 12 21
0 1 2 3 4 5 6 15
0 1 2 3 4 5 7 17
0 2 7 8 9 10 12 14
0 1 2 4 5 7 10 18
1 2 4 6 8 10 13 16
1 2 3 4 7 8 13 20
0 1 3 5 6 9 11 19
0 1 2 3 4 5 6 22
0 4 6 8 10 11 12 23
0 2 3 5 6 9 12 21
0 1 2 3 4 5 6 15
0 1 2 3 4 6 8 17
0 1 2 3 5 7 9 14
0 1 2 5 7 9 10 18
0 2 4 7 8 10 12 16
0 1 3 4 5 6 11 19
1 2 3 4 7 8 13 20
0 1 2 3 4 5 7 22
0 1 3 4 6 8 11 23
0 1 2 4 5 6 10 15
0 1 2 3 5 6 9 21
0 1 2 3 4 6 8 17
2 5 7 9 10 12 13 14
0 1 2 5 7 9 10 18
0 1 2 3 4 5 6 15
0 1 3 4 5 6 11 19
1 2 3 4 5 7 13 20
1 4 6 8 10 11 13 16
0 1 3 4 5 7 11 22
0 1 3 4 6 8 11 23
0 2 3 5 7 9 12 21
0 1 2 3 4 6 8 17
0 2 5 7 9 10 12 14
3 4 5 6 11 12 13 15
0 1 2 5 7 9 10 18
0 1 3 5 6 9 11 19
1 2 3 4 7 8 13 20
1 2 4 5 6 10 13 16
0 1 2 3 4 5 7 22
0 2 3 4 5 7 12 21
0 3 4 6 8 11 12 23
0 2 5 7 9 10 12 14
0 1 2 3 4 7 8 17
0 1 2 3 4 5 6 15
0 1 2 3 7 8 9 18
0 1 2 4 6 8 10 16
1 2 3 4 7 8 13 20
0 1 3 4 5 6 11 19
0 2 5 7 9 10 12 14
0 2 3 4 5 7 12 22
1 3 4 6 8 11 13 23
0 3 5 6 9 11 12 21
0 1 2 3 6 8 9 17
0 1 2 3 4 5 6 15
1 2 7 8 9 10 13 18
0 1 2 4 6 8 10 16
1 3 4 5 6 11 13 19
1 2 3 4 7 8 13 20
0 2 5 7 9 10 12 14
0 1 2 4 5 6 10 22
0 2 3 5 6 9 12 21
0 1 3 6 8 9 11 23
0 1 2 3 4 6 8 17
0 1 2 3 5 7 9 15
0 1 2 5 6 9 10 18
0 1 4 6 8 10 11 16
0 1 3 4 5 6 11 19
1 2 3 4 7 8 13 20
2 5 7 9 10 12 13 14
0 1 2 3 4 5 7 22
0 2 3 5 6 9 12 21
0 1 3 4 6 8 11 23
0 1 2 4 6 8 10 17
0 1 2 3 4 5 6 15
0 1 2 4 6 8 10 16
0 1 5 7 9 10 11 18
0 1 3 4 5 7 11 19
1 2 3 4 7 8 13 20
0 2 5 7 9 10 12 14
0 3 5 6 9 11 12 21
0 1 2 3 4 7 8 22
0 1 2 3 4 5 6 17
0 1 3 4 6 8 11 23
1 2 3 4 5 6 13 15
0 1 2 4 6 8 10 16
1 2 5 7 9 10 13 18
0 5 7 9 10 11 12 14
2 3 4 7 8 12 13 20
0 1 4 5 6 10 11 19
0 1 3 4 6 8 11 17
0 1 2 3 4 5 7 22
0 2 3 5 6 9 12 21
0 1 2 3 4 6 8 15
0 1 4 6 8 10 11 23
0 1 2 4 6 8 10 16
0 1 2 5 7 9 10 18
0 2 3 5 7 9 12 14
0 1 3 4 5 6 11 19
1 2 3 4 7 8 13 20
0 1 2 3 4 6 8 17
0 2 3 5 7 9 12 21
1 2 3 4 5 6 13 22
0 1 4 5 6 10 11 15
0 1 3 4 6 8 11 23
0 1 2 4 6 8 10 16
0 1 2 5 7 9 10 18
0 2 4 5 7 10 12 14
0 1 2 3 4 5 7 19
1 3 4 7 8 11 13 20
0 1 2 3 4 6 8 17
0 2 3 5 6 9 12 21
0 1 2 3 5 7 9 22
0 1 2 3 4 5 6 15
0 1 4 5 6 10 11 16
0 1 3 4 6 8 11 23
0 2 5 7 9 10 12 14
1 2 5 7 9 10 13 18
0 1 3 4 5 6 11 19
1 2 3 4 5 7 13 20
1 2 3 4 6 8 13 17
2 3 5 6 9 12 13 21
0 1 2 3 4 5 7 22
0 1 2 4 5 6 10 15
0 1 2 4 6 8 10 16
0 1 3 4 6 8 11 23
0 2 4 5 7 10 12 14
0 1 2 4 5 7 10 18
0 1 2 3 4 6 8 17
1 2 3 4 7 8 13 20
0 1 3 4 5 6 11 19
0 1 2 3 4 6 8 15
0 3 5 6 9 11 12 21
0 1 2 3 4 5 6 22
0 1 4 6 8 10 11 16
0 2 4 5 7 10 12 14
0 1 3 4 6 8 11 23
0 1 2 5 7 9 10 18
0 1 2 3 4 6 8 17
0 1 3 4 5 7 11 19
1 2 3 7 8 9 13 20
0 2 3 4 5 6 12 15
0 3 6 8 9 11 12 21
0 1 2 3 4 7 8 22
0 1 2 4 6 8 10 16
0 7 8 9 10 11 12 14
0 1 5 7 9 10 11 18
0 1 3 4 6 8 11 23
0 1 2 3 6 8 9 17
0 1 3 4 5 6 11 19
1 2 3 7 8 9 13 20
0 2 5 7 9 10 12 14
0 2 3 5 6 9 12 21
1 4 6 8 10 11 13 16
0 1 2 3 4 5 7 22
0 1 2 3 4 5 6 15
0 2 5 7 9 10 12 14
0 1 3 4 6 8 11 23
0 1 2 5 7 9 10 18
0 1 3 4 5 6 11 19
0 1 2 3 4 7 8 20
0 1 2 3 4 6 8 17
0 1 3 4 5 6 11 15
0 2 3 5 6 9 12 21
0 1 3 4 5 6 11 22
0 1 2 4 6 8 10 16
0 2 4 5 7 10 12 14
0 1 2 4 5 6 10 18
0 1 3 4 6 8 11 23
0 1 2 3 6 8 9 17
0 1 3 5 6 9 11 19
2 3 4 5 7 12 13 20
0 1 2 3 4 5 6 15
0 1 2 3 7 8 9 21
0 1 2 4 6 8 10 16
0 1 2 3 4 5 7 22
0 2 7 8 9 10 12 14
0 1 5 6 9 10 11 18
0 1 3 6 8 9 11 23
0 1 2 3 4 6 8 17
0 1 3 4 5 7 11 19
1 2 3 4 7 8 13 20
0 1 2 3 4 5 6 15
0 2 3 5 6 9 12 21
0 1 2 4 6 8 10 16
0 1 2 4 5 7 10 22
0 2 5 7 9 10 12 14
0 2 5 7 9 10 12 18
0 1 2 3 4 5 7 17
0 1 3 4 6 8 11 23
0 1 3 4 5 7 11 19
2 3 4 7 8 12 13 20
0 1 2 3 4 5 6 15
0 2 3 5 6 9 12 21
0 1 2 3 4 7 8 16
0 1 2 3 4 5 7 22
0 2 5 7 9 10 12 14
0 1 2 3 4 5 6 17
0 1 2 5 7 9 10 18
0 1 2 3 4 5 6 15
0 1 3 4 6 8 11 23
1 2 4 7 8 10 13 20
0 1 2 3 4 5 7 19
0 1 2 4 6 8 10 16
0 2 3 5 6 9 12 21
0 5 7 9 10 11 12 14
0 1 2 3 4 5 7 22
0 2 3 4 6 8 12 17
0 1 2 5 6 9 10 18
0 1 2 3 4 5 6 15
0 1 4 6 8 10 11 23
0 1 3 4 5 6 11 19
1 2 3 4 5 7 13 20
0 1 3 4 6 8 11 16
2 3 4 5 6 12 13 21
0 2 7 8 9 10 12 14
0 1 2 5 7 9 10 22
0 1 2 3 4 6 8 17
1 2 5 7 9 10 13 18
0 1 2 3 5 6 9 15
0 1 3 4 5 6 11 19
0 1 3 4 5 6 11 23
1 2 3 4 7 8 13 20
0 1 2 4 6 8 10 16
0 2 3 5 6 9 12 21
0 2 3 5 6 9 12 14
0 1 2 3 4 6 8 17
0 1 2 3 4 5 7 22
1 2 5 6 9 10 13 18
1 2 3 4 5 6 13 15
0 1 2 3 4 6 8 19
0 3 4 6 8 11 12 23
1 2 3 4 7 8 13 20
0 1 2 3 4 6 8 16
0 2 5 7 9 10 12 14
0 2 3 5 7 9 12 21
0 2 3 4 6 8 12 17
0 1 2 3 4 5 7 22
0 1 2 4 5 6 10 15
1 3 5 7 9 11 13 18
0 1 2 4 6 8 10 16
2 3 4 7 8 12 13 20
0 1 2 3 4 6 8 23
0 1 2 3 4 6 8 19
0 2 7 8 9 10 12 14
0 2 3 4 5 6 12 21
0 1 2 4 6 8 10 17
0 1 2 3 4 5 7 22
0 1 2 3 4 6 8 15
0 1 2 3 5 7 9 18
0 1 2 4 6 8 10 16
0 1 3 4 5 6 11 19
1 2 3 4 6 8 13 20
0 1 3 4 6 8 11 23
0 5 7 9 10 11 12 14
0 2 6 8 9 10 12 21
0 2 3 4 7 8 12 17
0 1 2 3 4 5 6 15
0 1 2 3 4 5 6 22
0 1 2 4 5 7 10 18
0 1 2 5 6 9 10 16
0 1 4 5 7 10 11 19
1 2 3 7 8 9 13 20
0 1 3 4 6 8 11 23
0 5 7 9 10 11 12 14
2 3 5 6 9 12 13 21
0 1 2 3 4 6 8 17
0 1 2 3 5 6 9 15
0 1 2 3 4 5 6 22
0 1 2 5 7 9 10 18
0 1 2 4 6 8 10 16
0 1 3 4 5 6 11 19
1 2 3 4 7 8 13 20
0 2 4 7 8 10 12 14
0 1 3 4 6 8 11 23
0 1 2 3 4 5 6 15
0 1 2 3 6 8 9 21
0 1 3 4 6 8 11 17
0 1 2 4 6 8 10 16
0 2 3 4 5 7 12 22
0 1 2 7 8 9 10 18
0 2 5 7 9 10 12 14
1 2 3 6 8 9 13 20
0 1 3 4 5 6 11 19
0 1 3 4 6 8 11 23
1 3 4 5 6 11 13 15
0 2 3 5 6 9 12 21
0 1 2 3 4 6 8 17
0 1 2 4 6 8 10 16
0 1 2 3 4 5 7 22
0 1 2 5 7 9 10 18
0 2 5 7 9 10 12 14
0 1 3 5 7 9 11 19
1 2 3 4 7 8 13 20
0 1 2 3 4 5 6 15
0 1 3 4 6 8 11 23
0 2 3 5 6 9 12 21
1 2 3 4 6 8 13 17
0 1 2 4 6 8 10 16
0 2 3 4 7 8 12 22
0 1 2 5 7 9 10 18
0 2 5 7 9 10 12 14
1 3 4 5 6 11 13 19
1 2 3 4 7 8 13 20
0 1 2 4 5 6 10 15
1 2 3 4 6 8 13 17
0 1 3 4 6 8 11 23
0 2 3 4 5 6 12 21
0 2 5 7 9 10 12 14
0 1 2 5 7 9 10 18
0 1 2 3 4 5 7 22
0 1 2 4 6 8 10 16
0 1 3 4 5 6 11 19
1 2 3 4 5 7 13 20
0 2 4 5 6 10 12 15
1 2 3 4 7 8 13 17
0 3 4 5 6 11 12 23
0 2 3 5 6 9 12 21
0 2 5 7 9 10 12 14
0 1 2 4 6 8 10 16
0 1 2 3 4 7 8 22
0 1 2 4 5 7 10 18
0 1 2 3 4 5 6 15
1 2 3 7 8 9 13 20
0 3 4 6 8 11 12 19
0 1 2 3 4 6 8 17
0 3 6 8 9 11 12 21
0 1 3 4 7 8 11 23
0 2 5 7 9 10 12 14
0 1 2 4 5 6 10 16
0 1 2 5 7 9 10 18
1 3 4 5 7 11 13 22
0 1 2 3 4 5 7 15
0 1 3 4 5 6 11 19
1 3 4 7 8 11 13 20
0 1 2 3 4 5 7 17
0 3 5 6 9 11 12 21
0 1 3 4 6 8 11 23
0 2 5 7 9 10 12 14
0 1 2 4 6 8 10 16
0 1 2 4 5 7 10 18
0 1 2 3 4 5 6 22
0 1 2 3 4 5 6 15
0 1 3 4 6 8 11 19
1 2 3 4 7 8 13 20
1 2 3 5 6 9 13 17
0 2 5 7 9 10 12 14
0 2 3 5 6 9 12 21
1 3 5 6 9 11 13 23
0 2 4 6 8 10 12 16
0 1 2 5 7 9 10 18
0 1 2 3 4 5 6 15
1 2 3 4 7 8 13 22
1 3 4 5 6 11 13 19
0 1 2 3 4 7 8 20
0 1 2 3 4 6 8 17
0 2 5 7 9 10 12 14
2 3 5 6 9 12 13 21
0 1 2 4 6 8 10 16
0 1 3 4 6 8 11 23
0 1 2 3 4 5 6 15
0 1 2 7 8 9 10 18
0 1 3 4 5 7 11 22
0 1 2 3 4 6 8 17
1 2 3 4 6 8 13 20
0 1 4 5 6 10 11 19
0 2 5 7 9 10 12 14
0 3 5 6 9 11 12 21
0 1 2 4 6 8 10 16
0 1 3 4 6 8 11 23
1 2 3 4 5 7 13 15
1 2 5 7 9 10 13 18
0 1 2 3 4 5 7 22
0 1 2 3 4 6 8 17
0 1 4 5 6 10 11 19
1 2 3 4 7 8 13 20
0 2 5 6 9 10 12 14
0 1 2 4 6 8 10 16
0 2 3 5 7 9 12 21
0 2 5 7 9 10 12 14
0 1 3 4 7 8 11 23
0 1 2 5 7 9 10 18
0 2 3 4 5 6 12 15
0 1 2 3 5 7 9 22
0 1 3 4 5 6 11 19
2 3 4 7 8 12 13 20
0 1 2 3 4 6 8 17
0 2 7 8 9 10 12 16
3 4 5 6 11 12 13 21
0 2 3 5 7 9 12 14
0 1 2 4 6 8 10 23
0 1 2 5 7 9 10 18
0 1 2 3 4 5 6 15
0 1 2 3 4 5 7 22
0 1 2 3 4 6 8 17
1 2 3 4 7 8 13 20
0 1 3 4 5 6 11 19
0 1 2 6 8 9 10 16
0 2 3 6 8 9 12 21
0 1 5 7 9 10 11 14
0 1 2 3 4 5 6 15
0 1 2 3 4 6 8 23
0 1 2 5 7 9 10 18
0 1 2 3 4 7 8 17
0 1 2 3 4 5 7 22
0 1 3 4 5 6 11 19
2 4 6 8 10 12 13 20
0 1 2 4 6 8 10 16
0 3 5 6 9 11 12 21
0 2 5 7 9 10 12 14
0 1 2 3 4 5 6 15
0 1 2 5 7 9 10 18
0 3 4 6 8 11 12 23
1 2 3 4 5 6 13 17
0 1 2 3 5 7 9 22
0 3 4 5 7 11 12 19
2 3 4 7 8 12 13 20
0 1 2 4 6 8 10 16
0 1 2 5 7 9 10 14
0 1 2 3 5 6 9 21
0 1 2 3 4 5 6 15
0 1 2 5 6 9 10 18
0 1 3 4 6 8 11 23
0 1 2 3 4 6 8 17
0 1 2 3 4 5 7 22
0 1 3 4 5 6 11 19
1 2 3 4 7 8 13 20
0 1 2 4 6 8 10 16
0 2 4 5 7 10 12 14
0 2 5 6 9 10 12 21
0 1 2 3 4 5 6 15
0 1 2 3 5 7 9 18
0 2 3 6 8 9 12 17
0 1 3 4 6 8 11 23
0 1 2 3 4 6 8 16
0 2 3 4 5 7 12 22
2 3 4 7 8 12 13 20
0 1 3 5 6 9 11 19
0 2 5 7 9 10 12 14
0 2 3 5 6 9 12 21
0 1 2 3 5 6 9 15
0 1 2 3 4 6 8 17
0 1 2 5 7 9 10 18
0 1 3 4 6 8 11 23
0 2 3 5 7 9 12 14
0 1 2 3 4 5 7 22
0 1 3 4 5 6 11 19
0 1 2 3 4 7 8 20
0 1 2 3 4 6 8 16
0 2 3 5 6 9 12 21
0 1 3 4 5 6 11 15
0 2 3 4 6 8 12 17
0 1 2 4 5 7 10 18
0 2 5 7 9 10 12 14
0 1 3 4 6 8 11 23
0 3 5 6 9 11 12 19
0 1 2 4 5 7 10 22
1 2 3 4 7 8 13 20
0 1 2 4 6 8 10 16
0 1 2 3 5 6 9 15
0 1 2 3 5 6 9 21
0 1 2 3 4 6 8 17
0 1 2 5 7 9 10 18
0 2 5 6 9 10 12 14
0 1 5 6 9 10 11 19
0 1 3 4 6 8 11 23
0 1 2 4 5 6 10 22
1 2 3 7 8 9 13 20
0 1 2 4 6 8 10 16
0 1 2 3 4 5 6 15
0 2 3 5 7 9 12 21
1 2 3 4 6 8 13 17
0 1 2 5 7 9 10 18
0 5 7 9 10 11 12 14
0 1 2 4 6 8 10 16
0 1 3 4 6 8 11 23
0 1 2 3 4 5 7 22
1 2 3 4 7 8 13 20
0 1 3 4 5 6 11 19
0 1 2 3 4 5 6 15
0 2 3 5 6 9 12 21
0 1 2 3 4 5 6 17
0 2 5 7 9 10 12 14
0 1 5 7 9 10 11 18
0 1 2 4 6 8 10 16
0 1 3 4 5 7 11 19
0 3 4 6 8 11 12 23
0 1 3 5 7 9 11 22
1 2 3 7 8 9 13 20
0 1 3 4 5 6 11 15
0 1 2 4 6 8 10 17
0 2 3 5 6 9 12 21
2 5 7 9 10 12 13 14
0 1 2 5 6 9 10 18
0 1 4 6 8 10 11 16
0 1 3 5 6 9 11 19
0 1 3 4 6 8 11 23
0 1 2 3 7 8 9 22
1 2 7 8 9 10 13 20
0 2 3 4 5 7 12 15
0 2 5 7 9 10 12 14
0 2 3 5 7 9 12 21
1 2 3 4 6 8 13 17
1 2 5 7 9 10 13 18
0 1 2 4 6 8 10 16
0 1 2 3 4 5 6 19
1 2 3 4 7 8 13 20
0 1 4 6 8 10 11 23
0 1 2 3 4 5 7 22
0 1 2 3 4 5 6 15
2 5 7 9 10 12 13 14
0 2 3 5 6 9 12 21
0 1 2 3 4 6 8 17
1 2 5 7 9 10 13 18
0 1 2 4 5 6 10 16
1 2 3 4 6 8 13 15
1 3 4 7 8 11 13 20
0 1 2 3 4 7 8 22
1 3 4 6 8 11 13 23
1 3 4 5 6 11 13 19
2 5 7 9 10 12 13 14
0 2 3 5 7 9 12 21
0 1 3 4 6 8 11 17
0 1 2 3 4 6 8 16
0 1 2 5 7 9 10 18
0 1 2 3 4 5 6 15
0 1 3 4 5 6 11 19
2 3 4 7 8 12 13 20
0 1 3 4 6 8 11 23
0 1 2 3 4 5 7 22
0 2 5 7 9 10 12 14
0 1 2 3 4 6 8 17
0 2 5 7 9 10 12 21
0 2 4 6 8 10 12 16
1 2 5 7 9 10 13 18
0 1 2 3 4 5 6 15
0 1 4 5 6 10 11 19
1 2 3 4 7 8 13 20
0 2 3 4 5 6 12 22
0 3 4 6 8 11 12 23
0 2 5 7 9 10 12 14
0 2 3 4 6 8 12 17
2 3 5 6 9 12 13 21
0 1 4 6 8 10 11 16
0 1 2 5 7 9 10 18
0 1 2 4 5 6 10 15
0 5 7 9 10 11 12 14
1 2 3 4 7 8 13 20
1 3 4 5 7 11 13 22
0 1 4 6 8 10 11 23
0 1 3 4 5 7 11 19
0 1 3 4 6 8 11 17
0 2 3 5 6 9 12 21
0 2 4 6 8 10 12 16
0 1 2 5 7 9 10 18
0 1 2 3 4 5 6 15
0 2 5 7 9 10 12 14
1 3 4 7 8 11 13 20
1 3 4 5 6 11 13 19
0 1 2 3 4 5 7 22
0 1 3 4 6 8 11 23
0 1 2 3 4 6 8 17
0 1 2 4 6 8 10 16
0 1 2 3 5 6 9 21
0 1 2 3 4 5 6 15
2 4 5 7 10 12 13 18
0 1 2 5 7 9 10 14
0 1 4 5 7 10 11 19
1 2 3 4 7 8 13 20
0 1 2 3 4 5 7 22
3 4 6 8 11 12 13 23
0 1 2 3 6 8 9 17
0 1 2 4 6 8 10 16
0 2 3 4 5 6 12 21
1 2 3 4 5 6 13 15
0 1 2 5 7 9 10 18
0 2 5 7 9 10 12 14
0 1 3 4 5 7 11 19
1 2 4 7 8 10 13 20
0 1 2 3 4 6 8 17
0 1 2 3 4 5 7 22
0 1 3 4 6 8 11 23
0 1 2 3 4 5 6 15
0 2 3 4 5 6 12 21
0 1 2 4 7 8 10 16
1 2 5 7 9 10 13 18
0 2 5 7 9 10 12 14
0 1 2 3 4 6 8 17
1 2 6 8 9 10 13 20
0 1 3 6 8 9 11 19
0 1 2 3 4 5 7 22
0 1 2 3 4 5 7 15
0 1 3 4 7 8 11 23
0 2 3 4 5 6 12 21
0 1 2 7 8 9 10 16
0 1 2 3 5 7 9 18
0 2 5 7 9 10 12 14
0 1 2 3 4 6 8 17
1 2 3 4 7 8 13 20
0 1 4 5 6 10 11 19
0 1 2 3 4 7 8 22
0 1 2 3 4 6 8 15
1 3 4 5 6 11 13 23
0 1 2 4 6 8 10 16
0 2 3 4 5 6 12 21
7 8 9 10 11 12 13 14
0 1 2 7 8 9 10 18
0 1 2 3 4 6 8 17
0 1 3 4 5 6 11 19
1 2 3 4 6 8 13 20
0 2 5 7 9 10 12 14
0 1 2 3 4 5 7 22
0 2 4 7 8 10 12 16
1 3 4 6 8 11 13 23
0 2 3 6 8 9 12 21
0 1 2 3 4 5 6 15
0 1 2 5 7 9 10 18
0 2 7 8 9 10 12 14
1 3 5 7 9 11 13 19
1 2 3 4 6 8 13 20
0 1 3 4 6 8 11 17
0 1 2 3 4 5 7 22
0 1 2 4 6 8 10 16
0 3 4 6 8 11 12 23
0 2 3 5 7 9 12 21
0 1 3 4 5 6 11 15
0 1 2 5 7 9 10 18
0 2 7 8 9 10 12 14
0 1 2 3 4 6 8 17
1 2 3 4 7 8 13 20
0 1 5 6 9 10 11 19
0 1 2 4 6 8 10 16
0 1 2 3 4 5 7 22
0 1 2 3 4 6 8 15
0 1 3 4 6 8 11 23
0 2 3 5 6 9 12 21
0 1 2 5 7 9 10 18
0 4 5 7 10 11 12 14
1 2 3 4 6 8 13 17
0 1 2 3 4 5 6 19
1 2 3 4 7 8 13 20
0 1 2 4 6 8 10 16
0 1 3 4 6 8 11 22
1 2 3 4 5 6 13 15
0 2 3 5 6 9 12 21
0 1 3 4 6 8 11 23
2 4 5 6 10 12 13 14
0 1 2 3 5 7 9 18
0 1 2 3 4 6 8 17
0 1 3 4 5 6 11 19
1 3 4 7 8 11 13 20
0 1 4 6 8 10 11 16
1 2 4 5 6 10 13 15
0 1 2 3 4 5 7 22
0 3 5 6 9 11 12 21
0 1 3 4 6 8 11 23
0 1 2 5 7 9 10 14
1 2 5 7 9 10 13 18
0 1 2 3 6 8 9 17
0 1 3 6 8 9 11 19
0 3 4 7 8 11 12 20
0 1 2 4 6 8 10 16
0 1 4 6 8 10 11 15
0 1 2 3 4 5 6 22
0 2 3 5 7 9 12 21
0 2 5 7 9 10 12 14
0 1 3 4 6 8 11 23
0 1 2 5 6 9 10 18
0 2 3 4 5 6 12 17
1 4 5 7 10 11 13 16
2 3 4 7 8 12 13 20
0 1 3 4 5 6 11 19
0 1 2 3 4 5 6 15
0 1 3 5 7 9 11 22
0 2 5 7 9 10 12 14
0 2 3 5 6 9 12 21
0 1 3 4 7 8 11 23
0 1 2 3 5 7 9 18
1 2 3 4 6 8 13 17
0 1 2 4 6 8 10 16
0 1 3 4 5 6 11 19
1 2 3 4 5 7 13 20
0 1 2 3 4 5 6 15
0 5 6 9 10 11 12 14
1 2 3 4 5 7 13 22
0 2 5 6 9 10 12 21
0 1 2 4 7 8 10 17
0 1 3 4 6 8 11 23
0 1 2 5 7 9 10 18
0 1 2 4 6 8 10 16
0 1 4 6 8 10 11 19
1 2 3 4 7 8 13 20
0 2 3 5 6 9 12 15
0 2 5 7 9 10 12 14
0 1 2 3 4 5 7 22
0 2 3 5 6 9 12 21
0 1 2 3 6 8 9 17
0 1 2 5 7 9 10 18
0 1 3 5 6 9 11 23
0 1 2 4 6 8 10 16
0 3 4 5 6 11 12 19
1 2 3 4 7 8 13 20
0 1 2 4 5 6 10 15
0 2 3 7 8 9 12 14
0 1 2 6 8 9 10 17
0 1 2 3 4 5 7 22
0 2 3 5 6 9 12 21
0 1 2 5 7 9 10 18
0 1 3 4 6 8 11 23
1 2 3 4 6 8 13 16
0 1 2 3 4 6 8 15
2 3 4 5 7 12 13 20
0 1 2 4 5 6 10 19
0 2 3 7 8 9 12 14
0 1 2 3 4 6 8 17
0 1 2 3 4 5 7 22
0 2 3 5 6 9 12 21
0 1 2 5 7 9 10 18
1 2 4 6 8 10 13 16
0 1 4 6 8 10 11 23
0 1 2 3 4 5 6 15
0 1 3 4 5 6 11 19
1 2 3 4 7 8 13 20
0 1 2 5 7 9 10 14
0 1 2 3 4 5 6 15
0 1 2 4 5 7 10 22
0 2 3 5 6 9 12 21
0 1 2 3 4 6 8 17
0 1 2 5 7 9 10 18
0 1 3 4 6 8 11 23
0 1 2 4 6 8 10 16
0 1 3 4 5 6 11 19
1 2 4 7 8 10 13 20
0 1 2 5 7 9 10 14
0 1 3 4 5 7 11 15
0 2 3 5 6 9 12 21
0 1 3 4 5 7 11 22
0 1 2 3 4 6 8 17
2 5 7 9 10 12 13 18
0 1 2 4 6 8 10 16
0 1 6 8 9 10 11 23
0 2 5 7 9 10 12 14
2 3 4 7 8 12 13 20
0 1 4 5 6 10 11 19
0 1 2 3 4 5 6 15
0 1 2 3 4 6 8 17
0 2 3 4 5 6 12 22
0 2 3 5 7 9 12 21
0 1 2 3 5 6 9 18
0 1 2 4 6 8 10 16
0 2 7 8 9 10 12 14
1 4 6 8 10 11 13 23
0 2 3 4 7 8 12 20
0 1 3 4 5 6 11 19
0 1 2 3 4 5 6 15
0 1 2 3 4 7 8 17
0 2 3 5 6 9 12 21
0 1 2 3 5 7 9 22
0 1 2 5 7 9 10 18
0 1 2 4 6 8 10 16
0 5 7 9 10 11 12 14
0 1 3 4 6 8 11 23
0 1 4 5 6 10 11 19
1 2 3 4 7 8 13 20
0 1 2 3 4 5 6 15
0 1 2 3 4 7 8 17
0 1 3 5 6 9 11 21
0 1 3 4 5 7 11 22
0 1 2 4 7 8 10 16
0 1 3 5 7 9 11 18
0 2 5 7 9 10 12 14
0 1 3 4 5 6 11 19
0 1 2 3 4 5 6 23
1 2 3 4 7 8 13 20
0 1 2 3 4 5 6 15
0 1 2 3 4 6 8 17
0 2 5 6 9 10 12 21
1 2 3 4 5 7 13 22
0 1 2 4 6 8 10 16
0 1 2 5 7 9 10 18
0 2 5 7 9 10 12 14
0 1 2 3 5 7 9 15
0 1 3 4 5 6 11 23
1 2 3 4 7 8 13 20
0 1 3 4 5 6 11 19
0 1 2 3 4 6 8 17
1 2 4 6 8 10 13 16
0 2 3 5 6 9 12 21
0 1 2 3 4 5 7 22
0 2 5 7 9 10 12 18
0 5 7 9 10 11 12 14
0 1 2 4 5 6 10 15
0 1 2 3 4 7 8 20
1 3 4 7 8 11 13 23
0 1 3 4 6 8 11 19
0 2 3 4 6 8 12 17
0 1 2 7 8 9 10 16
0 2 3 5 6 9 12 21
0 1 2 4 5 7 10 22
0 1 5 7 9 10 11 18
0 2 5 7 9 10 12 14
0 1 2 3 4 5 6 15
0 1 3 4 5 6 11 19
0 1 3 4 7 8 11 20
0 1 3 4 6 8 11 23
0 1 2 3 4 6 8 17
0 1 2 3 4 5 6 16
0 2 3 5 6 9 12 21
0 2 5 7 9 10 12 14
0 1 2 3 4 5 7 22
0 1 2 5 7 9 10 18
0 1 2 3 4 6 8 15
0 1 4 7 8 10 11 19
1 2 3 4 7 8 13 20
0 1 3 4 6 8 11 23
0 1 2 3 6 8 9 17
0 1 4 6 8 10 11 16
0 7 8 9 10 11 12 14
0 2 3 5 6 9 12 21
0 1 2 3 4 5 7 22
0 1 2 5 7 9 10 18
0 1 2 3 4 5 6 15
0 1 2 3 4 6 8 17
0 1 2 3 4 7 8 20
0 1 3 4 5 6 11 19
0 1 3 4 6 8 11 23
0 1 4 6 8 10 11 16
0 2 5 7 9 10 12 14
0 2 3 5 6 9 12 21
0 1 2 4 6 8 10 18
0 1 2 3 4 5 7 22
0 2 3 4 5 6 12 15
0 1 2 3 4 6 8 17
0 1 2 3 4 7 8 20
0 1 3 4 5 6 11 19
0 1 3 4 6 8 11 23
0 1 2 4 7 8 10 16
0 2 5 7 9 10 12 14
0 3 5 6 9 11 12 21
0 1 6 8 9 10 11 18
0 2 4 5 7 10 12 22
0 2 5 7 9 10 12 14
0 1 2 4 6 8 10 16
0 1 3 4 5 6 11 19
1 2 3 4 5 7 13 20
0 1 3 4 6 8 11 17
0 3 4 6 8 11 12 23
0 1 2 3 5 6 9 15
0 2 3 5 6 9 12 21
0 5 7 9 10 11 12 14
0 1 2 3 4 5 7 22
0 2 4 5 7 10 12 18
0 1 6 8 9 10 11 16
0 1 3 4 5 6 11 19
1 2 3 4 7 8 13 20
0 1 2 3 4 6 8 17
0 1 2 4 5 6 10 15
0 1 3 4 7 8 11 23
0 2 3 5 6 9 12 14
0 2 3 6 8 9 12 21
0 1 2 5 7 9 10 18
0 1 3 4 5 7 11 22
0 3 4 5 6 11 12 15
0 1 2 3 6 8 9 17
1 2 3 4 7 8 13 20
0 1 3 4 5 6 11 19
0 1 2 4 6 8 10 16
0 1 2 3 4 6 8 23
0 2 5 7 9 10 12 14
0 2 3 5 6 9 12 21
0 1 2 5 7 9 10 18
0 1 2 5 7 9 10 22
0 1 2 3 4 5 6 15
0 1 2 3 5 6 9 17
0 1 3 4 5 7 11 19
1 2 3 4 7 8 13 20
0 1 2 4 6 8 10 16
0 3 4 5 7 11 12 14
0 1 3 4 6 8 11 23
0 1 2 3 5 6 9 21
0 1 2 3 5 7 9 18
0 2 3 5 6 9 12 15
0 1 2 3 5 7 9 22
0 1 2 3 4 6 8 17
1 3 4 5 6 11 13 19
2 3 7 8 9 12 13 20
0 1 2 4 6 8 10 16
0 2 5 7 9 10 12 14
0 1 2 3 4 6 8 23
0 1 2 3 5 7 9 15
0 2 3 5 6 9 12 21
0 1 5 7 9 10 11 18
0 1 2 3 5 7 9 22
0 1 2 3 4 5 7 17
0 1 2 3 4 6 8 16
1 2 3 4 7 8 13 20
0 1 3 4 5 7 11 19
0 2 5 7 9 10 12 14
0 1 2 3 4 5 6 15
0 1 3 4 7 8 11 23
0 2 3 4 5 6 12 21
0 1 2 5 7 9 10 18
0 1 2 3 4 5 7 22
0 2 3 4 6 8 12 17
0 1 2 3 4 6 8 16
1 3 4 7 8 11 13 20
0 1 3 4 5 6 11 19
0 2 4 5 7 10 12 14
0 1 2 3 4 5 6 15
0 2 3 5 6 9 12 21
0 1 3 4 6 8 11 23
0 1 2 5 7 9 10 18
0 1 2 3 4 6 8 17
0 1 2 3 4 5 6 22
0 1 4 6 8 10 11 16
0 1 3 4 5 6 11 19
1 2 3 7 8 9 13 20
0 2 5 7 9 10 12 14
0 1 2 3 5 6 9 15
0 2 3 5 6 9 12 21
0 1 2 3 4 6 8 23
0 1 2 5 7 9 10 18
0 1 2 3 4 7 8 17
0 1 2 3 4 5 7 22
0 1 2 4 6 8 10 16
0 1 3 4 5 6 11 19
1 2 3 7 8 9 13 20
0 2 5 7 9 10 12 14
0 1 2 3 4 5 6 15
0 1 3 4 6 8 11 17
0 2 3 5 6 9 12 21
0 1 2 3 4 6 8 23
0 1 2 3 5 7 9 18
0 1 2 4 6 8 10 16
1 2 4 5 7 10 13 22
0 2 5 7 9 10 12 14
1 2 3 4 5 7 13 20
0 1 2 3 4 5 6 19
0 1 2 3 4 5 6 15
0 1 2 3 4 6 8 17
0 1 2 3 4 5 6 21
0 3 4 6 8 11 12 23
0 1 2 3 5 7 9 18
0 1 2 4 6 8 10 16
1 4 5 7 10 11 13 22
0 2 5 7 9 10 12 14
1 2 3 4 5 7 13 20
0 1 3 5 6 9 11 19
0 1 2 3 5 6 9 15
0 1 2 3 4 6 8 17
0 2 3 5 6 9 12 21
1 5 7 9 10 11 13 18
0 1 3 4 6 8 11 23
0 2 6 8 9 10 12 16
0 1 2 3 4 5 7 22
2 5 7 9 10 12 13 14
0 1 3 4 5 6 11 19
1 2 3 4 6 8 13 20
0 1 2 4 5 6 10 15
0 1 2 4 6 8 10 16
1 2 5 7 9 10 13 18
0 4 5 6 10 11 12 21
0 1 2 3 4 6 8 17
0 1 2 3 4 6 8 23
0 2 4 5 7 10 12 14
0 1 2 3 4 7 8 22
0 1 3 4 5 6 11 19
1 2 3 4 6 8 13 20
0 1 2 3 5 6 9 15
0 2 7 8 9 10 12 16
0 1 2 4 6 8 10 17
0 2 3 5 7 9 12 21
0 1 2 5 7 9 10 18
0 1 3 4 7 8 11 23
0 2 5 7 9 10 12 14
0 1 2 4 5 7 10 22
1 2 3 4 5 6 13 15
0 1 2 3 4 7 8 20
0 1 3 4 5 7 11 19
0 1 2 4 5 6 10 16
0 1 2 3 4 6 8 17
2 3 5 6 9 12 13 21
1 2 5 7 9 10 13 18
0 2 5 7 9 10 12 14
0 1 3 4 6 8 11 23
0 1 2 3 5 6 9 15
0 1 2 3 4 5 7 22
1 2 3 4 7 8 13 20
0 1 3 4 5 6 11 19
0 1 2 4 6 8 10 16
0 1 2 3 4 6 8 17
0 2 3 5 6 9 12 21
0 1 2 3 5 7 9 18
0 2 7 8 9 10 12 14
0 1 2 3 4 6 8 23
0 1 2 3 4 5 6 15
0 2 3 4 5 7 12 22
0 1 3 4 5 7 11 19
2 3 4 7 8 12 13 20
0 1 2 5 7 9 10 14
0 1 2 3 4 6 8 17
0 1 2 5 7 9 10 18
0 2 3 5 6 9 12 21
0 1 2 4 7 8 10 16
0 1 2 3 5 6 9 15
0 1 3 4 6 8 11 23
0 1 3 4 5 6 11 19
0 1 2 3 4 5 7 22
1 2 3 4 7 8 13 20
0 5 7 9 10 11 12 14
0 2 3 4 6 8 12 17
0 1 4 6 8 10 11 16
0 2 3 5 6 9 12 21
0 1 5 7 9 10 11 18
0 1 2 3 4 5 6 15
0 1 2 4 5 7 10 14
0 1 3 4 6 8 11 23
0 1 3 4 5 7 11 22
1 2 3 4 7 8 13 20
0 1 2 3 4 5 6 19
0 1 2 3 6 8 9 17
0 1 2 4 5 6 10 16
0 2 5 6 9 10 12 21
0 1 2 7 8 9 10 18
0 1 2 3 4 5 6 15
0 2 5 7 9 10 12 14
0 1 2 3 7 8 9 23
0 1 2 3 4 5 7 22
1 2 3 4 7 8 13 20
0 1 3 4 5 6 11 19
0 1 2 3 4 6 8 17
0 1 2 4 6 8 10 16
0 1 2 5 7 9 10 18
0 1 3 4 5 6 11 21
0 1 2 3 4 5 6 15
0 2 4 5 7 10 12 14
0 1 3 4 5 6 11 19
0 1 3 4 5 6 11 23
0 1 2 3 4 5 7 22
1 2 3 4 5 6 13 20
0 1 3 4 6 8 11 17
0 1 2 4 6 8 10 16
0 1 2 5 7 9 10 18
0 2 3 5 6 9 12 21
1 2 3 4 5 7 13 15
0 2 5 7 9 10 12 14
0 1 3 4 6 8 11 19
0 1 3 4 6 8 11 23
0 1 2 3 4 5 7 22
1 2 3 4 7 8 13 20
0 1 2 3 4 6 8 17
0 2 4 5 6 10 12 16
0 1 3 4 5 6 11 15
0 1 2 3 4 5 6 21
0 1 2 5 7 9 10 18
0 2 5 7 9 10 12 14
0 1 3 4 7 8 11 17
1 2 3 4 6 8 13 20
0 1 3 4 7 8 11 23
0 1 3 4 6 8 11 22
1 3 5 6 9 11 13 19
0 1 2 4 6 8 10 16
0 1 2 3 4 5 6 15
0 2 3 5 6 9 12 21
0 1 2 7 8 9 10 18
0 2 5 7 9 10 12 14
0 1 2 4 6 8 10 16
0 1 3 4 5 6 11 19
0 3 4 6 8 11 12 23
0 1 2 3 4 5 7 22
1 2 3 4 7 8 13 20
0 1 2 3 4 6 8 17
0 2 5 7 9 10 12 14
0 1 2 5 7 9 10 18
0 2 3 5 6 9 12 21
0 2 3 4 5 6 12 15
0 1 2 4 6 8 10 16
1 3 4 5 6 11 13 19
0 1 2 3 4 5 7 22
0 1 3 6 8 9 11 23
1 3 4 7 8 11 13 20
0 1 2 3 4 6 8 17
0 2 5 7 9 10 12 14
0 1 2 5 7 9 10 18
0 2 3 6 8 9 12 21
0 1 2 3 4 6 8 15
1 2 4 6 8 10 13 16
0 1 3 4 6 8 11 17
0 1 2 4 7 8 10 20
0 2 3 4 5 7 12 22
0 1 3 4 6 8 11 23
1 3 4 6 8 11 13 19
0 2 5 6 9 10 12 14
0 1 3 4 5 6 11 15
0 2 5 6 9 10 12 21
0 1 2 5 7 9 10 18
0 1 2 4 6 8 10 16
0 1 2 4 6 8 10 17
1 2 3 4 5 7 13 20
0 1 2 3 4 5 7 22
0 1 3 4 6 8 11 23
0 1 3 4 5 6 11 19
0 2 4 5 7 10 12 14
0 1 2 3 4 5 6 15
0 2 3 5 7 9 12 21
1 2 3 5 7 9 13 18
0 1 2 4 6 8 10 16
0 1 2 3 4 6 8 17
0 1 2 3 4 5 6 19
1 2 3 5 7 9 13 20
0 1 2 3 4 5 7 22
0 1 3 4 6 8 11 23
0 2 5 7 9 10 12 14
0 1 2 3 4 5 6 15
0 1 2 5 6 9 10 18
0 2 3 4 5 6 12 21
0 2 4 6 8 10 12 16
0 2 3 4 6 8 12 17
0 1 3 4 5 6 11 19
1 2 3 4 6 8 13 20
0 1 2 3 4 7 8 22
1 3 4 6 8 11 13 23
0 2 5 7 9 10 12 14
0 1 2 3 4 5 7 15
0 1 2 3 5 7 9 18
0 1 2 3 5 6 9 21
0 1 2 3 4 6 8 16
0 1 2 3 4 5 6 17
0 1 2 5 6 9 10 14
2 3 4 7 8 12 13 20
0 1 2 3 4 5 7 22
1 3 4 5 6 11 13 19
0 1 3 4 6 8 11 23
0 1 2 3 4 5 6 15
0 1 2 4 6 8 10 16
0 2 3 4 5 6 12 21
0 1 2 5 7 9 10 18
0 1 2 3 4 6 8 17
0 5 7 9 10 11 12 14
1 2 3 7 8 9 13 20
0 1 3 5 7 9 11 19
0 1 2 4 7 8 10 22
0 1 2 3 4 5 6 15
0 1 3 4 6 8 11 23
0 2 5 7 9 10 12 14
0 1 2 5 7 9 10 18
0 2 3 5 6 9 12 21
0 1 2 3 4 6 8 17
0 1 2 4 6 8 10 16
0 1 3 4 5 7 11 19
1 2 3 4 7 8 13 20
0 2 3 5 7 9 12 22
0 1 2 3 4 5 6 15
0 1 3 4 7 8 11 23
0 5 6 9 10 11 12 14
0 1 2 5 7 9 10 18
0 2 3 5 6 9 12 21
1 2 3 4 6 8 13 17
0 1 2 4 6 8 10 16
0 1 2 3 4 7 8 19
1 2 4 7 8 10 13 20
0 1 2 3 4 6 8 15
0 1 2 3 4 5 7 22
0 2 5 7 9 10 12 14
0 1 4 6 8 10 11 23
0 1 2 5 7 9 10 18
0 2 3 5 6 9 12 21
0 1 2 4 6 8 10 17
0 1 4 6 8 10 11 16
0 1 2 3 4 5 6 15
1 2 3 4 7 8 13 20
0 3 4 5 6 11 12 19
0 1 3 4 5 7 11 22
0 1 2 5 7 9 10 14
0 1 3 4 6 8 11 23
0 2 3 6 8 9 12 17
0 2 3 5 6 9 12 21
1 2 5 7 9 10 13 18
0 1 2 4 6 8 10 16
0 3 4 5 6 11 12 15
1 2 3 7 8 9 13 20
0 1 3 4 5 6 11 19
0 5 7 9 10 11 12 14
0 1 2 3 4 5 7 22
0 1 2 4 6 8 10 16
0 1 3 4 6 8 11 23
0 1 2 5 7 9 10 18
0 3 5 7 9 11 12 21
0 1 2 4 6 8 10 17
0 1 3 5 6 9 11 15
0 1 3 4 5 6 11 19
1 2 3 4 7 8 13 20
0 5 7 9 10 11 12 14
0 1 2 3 4 5 6 22
0 1 4 6 8 10 11 16
0 1 2 5 6 9 10 18
0 1 4 6 8 10 11 23
0 3 4 5 6 11 12 21
1 2 3 4 6 8 13 17
0 1 2 3 4 5 6 15
1 2 4 6 8 10 13 19
1 2 3 4 7 8 13 20
0 2 6 8 9 10 12 14
0 1 2 3 4 5 7 22
0 1 2 3 4 6 8 16
0 1 2 5 7 9 10 18
0 1 3 6 8 9 11 23
3 5 6 9 11 12 13 21
0 1 2 3 4 6 8 17
0 1 2 3 4 5 6 15
0 5 7 9 10 11 12 14
1 2 3 4 6 8 13 20
0 1 3 4 5 6 11 19
0 1 2 4 6 8 10 16
1 2 3 4 7 8 13 22
0 1 2 3 4 5 6 17
0 1 2 5 7 9 10 18
0 3 4 6 8 11 12 23
0 2 3 5 6 9 12 21
0 1 2 3 4 5 7 15
0 2 5 7 9 10 12 14
1 2 3 4 7 8 13 20
0 1 3 4 5 6 11 19
0 1 6 8 9 10 11 16
0 1 2 3 5 7 9 22
0 1 2 3 4 6 8 17
0 1 2 7 8 9 10 18
0 1 3 4 6 8 11 23
0 2 3 5 6 9 12 21
0 1 2 3 4 5 6 15
0 2 5 7 9 10 12 14
0 1 3 4 5 6 11 19
1 3 4 5 7 11 13 20
1 2 4 6 8 10 13 16
0 1 2 3 4 7 8 17
0 1 2 3 4 5 7 22
0 1 2 5 7 9 10 18
0 2 3 5 6 9 12 21
0 3 4 6 8 11 12 23
1 2 3 4 5 6 13 15
0 2 5 7 9 10 12 14
0 1 3 4 5 6 11 19
1 2 4 5 7 10 13 20
0 1 2 4 5 6 10 16
0 1 2 3 4 5 6 17
1 2 3 4 7 8 13 22
0 1 2 5 7 9 10 18
0 2 3 5 6 9 12 21
0 1 2 3 4 5 6 15
0 1 3 6 8 9 11 23
0 2 5 7 9 10 12 14
0 1 2 4 6 8 10 16
1 2 3 7 8 9 13 20
0 1 3 4 5 6 11 19
0 1 2 3 4 5 6 17
0 1 2 4 7 8 10 22
0 1 2 3 4 5 6 15
0 1 2 5 7 9 10 18
0 2 3 5 6 9 12 21
0 1 3 4 6 8 11 23
0 1 2 5 7 9 10 14
1 2 4 6 8 10 13 16
0 1 2 3 4 5 7 20
0 1 3 4 5 6 11 19
0 1 3 4 6 8 11 17
0 1 2 3 4 5 6 15
0 1 2 3 5 6 9 22
1 2 5 7 9 10 13 18
0 2 3 5 6 9 12 21
0 2 5 7 9 10 12 14
0 1 3 4 6 8 11 23
0 1 2 4 6 8 10 16
0 1 3 4 5 6 11 19
1 2 3 4 7 8 13 20
0 1 2 3 4 6 8 17
1 2 3 4 5 7 13 15
0 1 2 3 4 5 7 22
0 1 2 5 7 9 10 18
0 2 3 5 7 9 12 21
0 5 6 9 10 11 12 14
0 1 3 4 6 8 11 23
0 1 3 4 5 7 11 15
0 1 2 3 4 7 8 17
1 2 3 4 7 8 13 20
0 1 3 4 5 6 11 19
0 1 2 4 6 8 10 16
0 1 2 5 6 9 10 18
0 1 2 3 4 5 7 22
0 2 5 7 9 10 12 14
0 2 3 5 6 9 12 21
0 1 2 3 4 5 6 15
0 1 2 3 6 8 9 23
0 1 2 4 6 8 10 17
1 2 3 7 8 9 13 20
0 1 3 4 5 7 11 19
0 2 4 6 8 10 12 16
0 2 5 7 9 10 12 14
0 1 2 3 4 5 7 22
1 2 3 5 7 9 13 18
0 2 3 5 6 9 12 21
0 1 2 4 5 7 10 14
0 1 2 4 6 8 10 16
0 1 3 4 6 8 11 23
0 1 3 5 6 9 11 19
1 2 4 7 8 10 13 20
0 1 2 3 4 6 8 17
0 1 2 3 4 5 7 15
0 1 2 3 4 5 7 22
0 1 2 3 5 7 9 18
0 2 3 5 7 9 12 21
0 2 5 7 9 10 12 14
0 1 2 4 7 8 10 16
0 1 3 4 6 8 11 23
0 1 4 5 6 10 11 19
1 2 3 4 7 8 13 20
0 1 3 4 6 8 11 17
0 1 2 3 4 5 6 15
0 1 2 5 7 9 10 18
0 1 2 3 4 5 7 22
0 2 3 5 6 9 12 21
0 2 3 5 7 9 12 14
0 1 2 3 4 6 8 16
0 1 2 3 4 6 8 17
0 1 3 4 6 8 11 23
1 3 4 5 7 11 13 20
0 1 3 4 5 7 11 19
0 1 2 4 5 6 10 15
0 1 2 5 7 9 10 18
1 2 3 4 5 7 13 22
0 2 5 7 9 10 12 14
0 2 3 4 5 6 12 21
0 1 2 3 4 7 8 16
0 1 2 3 4 6 8 17
1 3 4 6 8 11 13 23
1 2 3 7 8 9 13 20
0 1 3 4 5 6 11 19
0 1 2 3 4 5 6 15
0 2 3 4 5 7 12 14
0 1 5 7 9 10 11 18
0 1 2 3 4 5 7 22
0 3 6 8 9 11 12 21
0 1 2 4 5 7 10 16
1 3 4 5 6 11 13 17
0 1 3 4 5 6 11 19
0 1 2 3 4 6 8 23
1 2 3 4 7 8 13 20
0 1 2 3 4 5 6 15
0 2 7 8 9 10 12 14
0 1 2 5 6 9 10 18
0 1 2 3 4 5 7 22
0 2 3 5 6 9 12 21
0 1 2 4 6 8 10 16
0 1 2 3 4 7 8 17
0 1 3 4 5 6 11 19
1 2 3 4 7 8 13 20
0 1 4 7 8 10 11 23
0 1 2 3 4 5 6 15
0 2 5 7 9 10 12 14
0 1 5 7 9 10 11 18
0 1 2 3 4 6 8 16
0 1 2 3 4 5 7 22
0 2 3 5 6 9 12 21
0 1 2 3 4 6 8 17
0 1 2 3 4 5 6 15
1 2 3 4 7 8 13 20
0 1 3 4 6 8 11 23
0 1 3 6 8 9 11 19
0 2 5 7 9 10 12 14
0 1 2 5 7 9 10 18
0 1 2 4 6 8 10 16
0 1 2 3 4 5 7 22
0 2 3 5 7 9 12 21
0 1 2 3 4 6 8 17
0 1 2 3 4 5 6 15
1 2 3 4 7 8 13 20
0 1 3 4 5 6 11 19
0 1 3 4 6 8 11 23
0 2 5 7 9 10 12 14
0 1 2 4 7 8 10 16
0 1 2 5 6 9 10 18
0 1 2 4 5 7 10 22
0 2 3 5 6 9 12 21
0 1 2 3 4 6 8 17
0 1 2 4 5 6 10 15
0 1 3 4 5 6 11 19
1 4 6 8 10 11 13 20
0 1 3 4 6 8 11 23
0 2 5 6 9 10 12 14
0 1 2 4 6 8 10 16
0 1 2 5 7 9 10 18
0 2 3 4 5 6 12 21
0 1 2 3 4 5 7 22
0 1 2 3 4 6 8 17
0 1 2 3 4 5 6 15
1 3 5 6 9 11 13 19
0 1 2 3 4 6 8 20
0 2 5 7 9 10 12 14
0 3 4 6 8 11 12 23
0 1 4 6 8 10 11 16
0 1 2 5 6 9 10 18
0 1 2 3 4 7 8 17
1 3 4 5 7 11 13 22
0 2 7 8 9 10 12 21
0 1 2 3 4 5 6 15
0 2 5 7 9 10 12 14
1 2 3 4 5 7 13 20
0 3 4 6 8 11 12 19
0 1 2 4 6 8 10 16
0 1 3 4 6 8 11 23
0 1 2 5 7 9 10 18
0 1 2 3 4 6 8 17
0 3 5 6 9 11 12 21
1 2 3 4 7 8 13 22
0 1 3 4 5 6 11 15
0 2 5 7 9 10 12 14
1 3 4 7 8 11 13 20
0 1 3 4 5 6 11 19
0 1 2 3 4 5 6 15
0 1 3 5 6 9 11 23
0 1 2 4 6 8 10 16
0 1 7 8 9 10 11 18
0 2 3 4 5 6 12 21
0 3 4 5 6 11 12 22
0 1 2 3 4 6 8 17
0 2 5 7 9 10 12 14
0 1 3 4 5 6 11 19
1 2 3 4 7 8 13 20
0 1 3 4 5 6 11 15
0 1 2 4 6 8 10 16
0 1 3 4 7 8 11 23
0 1 2 3 5 7 9 18
0 3 5 6 9 11 12 21
0 1 2 3 4 7 8 22
0 1 2 3 4 6 8 17
0 4 5 7 10 11 12 14
1 2 3 4 5 7 13 15
1 2 4 5 7 10 13 20
0 1 3 4 6 8 11 19
0 1 2 4 6 8 10 16
0 1 3 4 7 8 11 23
0 1 2 5 7 9 10 18
1 2 3 4 6 8 13 17
0 2 3 5 6 9 12 21
0 1 2 3 4 5 7 22
0 2 5 7 9 10 12 14
0 1 2 3 4 5 6 15
0 1 2 3 4 7 8 20
0 1 3 4 5 6 11 19
1 2 4 7 8 10 13 16
0 5 7 9 10 11 12 18
0 3 4 6 8 11 12 23
1 2 3 6 8 9 13 17
0 2 3 6 8 9 12 21
0 1 2 3 4 5 7 22
0 2 5 7 9 10 12 14
0 1 2 3 4 5 7 15
1 2 3 4 7 8 13 20
0 1 3 4 5 7 11 19
0 1 2 4 6 8 10 16
0 1 2 3 4 6 8 17
0 1 2 5 6 9 10 18
0 1 3 4 6 8 11 23
0 2 3 5 6 9 12 21
2 5 6 9 10 12 13 14
0 1 2 3 5 7 9 22
0 1 4 5 6 10 11 15
0 3 4 6 8 11 12 19
1 2 3 4 7 8 13 20
0 1 2 4 6 8 10 16
0 1 2 3 4 6 8 17
0 1 2 5 7 9 10 18
0 1 3 4 6 8 11 23
0 2 3 5 7 9 12 14
0 2 3 5 6 9 12 21
0 1 2 3 4 5 7 22
0 2 3 4 5 6 12 15
0 1 2 4 6 8 10 16
1 2 3 4 7 8 13 20
0 1 3 4 5 7 11 19
0 1 2 3 4 6 8 17
0 1 2 5 7 9 10 18
0 2 6 8 9 10 12 14
1 3 4 6 8 11 13 23
0 2 3 5 7 9 12 21
0 1 2 3 4 5 7 22
0 1 2 3 4 5 6 15
0 1 2 4 7 8 10 16
1 2 3 4 6 8 13 20
0 1 3 4 6 8 11 19
0 1 2 3 5 7 9 17
1 2 7 8 9 10 13 18
0 2 5 7 9 10 12 14
0 1 3 4 6 8 11 23
0 2 3 5 6 9 12 21
0 1 2 3 4 5 6 15
0 2 3 7 8 9 12 22
0 1 2 4 5 6 10 16
1 2 3 4 5 7 13 20
0 1 3 4 5 6 11 19
0 2 4 6 8 10 12 17
2 5 7 9 10 12 13 14
0 1 5 7 9 10 11 18
0 2 3 7 8 9 12 21
0 1 3 4 6 8 11 23
0 2 3 4 5 6 12 15
0 1 2 3 4 5 7 22
0 1 2 4 6 8 10 16
0 3 4 5 6 11 12 19
1 2 3 4 7 8 13 20
0 1 2 3 4 6 8 17
0 2 3 5 7 9 12 14
0 1 2 5 6 9 10 18
0 1 2 3 4 5 6 15
2 3 5 6 9 12 13 21
0 1 3 6 8 9 11 23
0 2 4 6 8 10 12 16
0 1 2 3 4 5 7 22
0 1 2 3 4 7 8 17
1 3 4 7 8 11 13 20
0 1 3 4 5 6 11 19
0 2 5 6 9 10 12 14
0 1 2 5 7 9 10 18
0 1 2 4 6 8 10 15
0 2 3 5 6 9 12 21
0 1 3 4 7 8 11 23
0 1 2 4 6 8 10 16
0 1 2 3 4 5 7 22
2 7 8 9 10 12 13 14
0 1 2 3 4 7 8 20
0 1 4 5 6 10 11 19
0 1 2 3 4 6 8 17
0 1 2 5 7 9 10 18
0 2 5 7 9 10 12 14
0 2 3 5 6 9 12 21
0 2 4 6 8 10 12 16
0 1 3 7 8 9 11 23
1 2 3 4 5 6 13 15
1 2 3 4 5 6 13 22
0 1 3 4 5 6 11 19
1 2 4 7 8 10 13 20
0 1 2 3 4 6 8 17
1 2 5 7 9 10 13 14
0 1 2 5 6 9 10 18
0 1 2 3 4 6 8 16
0 2 3 5 7 9 12 21
0 1 3 4 6 8 11 23
0 1 2 3 5 6 9 15
0 1 2 3 4 5 7 22
0 3 4 6 8 11 12 19
1 2 3 4 7 8 13 20
0 1 2 3 4 6 8 17
0 2 5 7 9 10 12 14
0 1 2 5 7 9 10 18
0 1 2 4 6 8 10 16
0 2 3 4 5 6 12 21
0 1 2 3 4 5 6 15
0 1 3 4 6 8 11 23
1 2 3 4 5 7 13 22
0 1 3 4 6 8 11 17
0 1 2 3 4 7 8 20
0 1 3 4 5 7 11 19
0 1 2 5 7 9 10 14
0 1 2 7 8 9 10 18
0 1 2 3 4 5 6 15
0 2 3 5 6 9 12 21
0 1 2 4 5 6 10 16
0 1 2 3 4 6 8 17
0 1 3 4 6 8 11 23
0 1 2 3 4 5 7 22
1 2 3 4 7 8 13 20
0 1 3 4 5 6 11 19
0 1 2 7 8 9 10 14
0 1 2 5 7 9 10 18
0 1 2 5 6 9 10 15
0 2 3 6 8 9 12 21
0 1 7 8 9 10 11 16
0 1 2 3 4 6 8 17
0 1 3 6 8 9 11 23
0 1 2 3 4 5 7 22
0 1 3 5 6 9 11 19
2 3 4 7 8 12 13 20
0 2 5 7 9 10 12 14
1 2 3 4 5 6 13 15
0 1 2 5 7 9 10 18
0 1 2 4 5 6 10 16
0 1 2 3 5 6 9 21
0 1 2 3 4 6 8 17
0 1 3 4 6 8 11 19
0 1 3 4 6 8 11 23
1 2 3 4 5 7 13 22
1 2 3 4 7 8 13 20
2 5 7 9 10 12 13 14
0 1 2 3 4 5 6 15
0 1 2 3 5 7 9 18
0 1 2 4 6 8 10 16
0 1 2 3 5 6 9 21
0 1 2 4 6 8 10 17
0 2 5 7 9 10 12 14
0 1 3 4 6 8 11 23
0 1 2 3 4 5 7 22
1 2 3 5 7 9 13 20
0 1 4 5 6 10 11 19
0 1 2 3 4 5 6 15
0 1 2 5 7 9 10 18
0 1 2 3 4 6 8 16
0 3 5 6 9 11 12 21
0 1 2 3 6 8 9 17
0 2 5 7 9 10 12 14
0 1 2 3 4 5 7 22
0 1 3 4 6 8 11 23
1 2 3 4 7 8 13 20
1 3 4 5 6 11 13 19
0 1 2 3 4 5 6 15
0 1 2 5 7 9 10 18
1 2 4 6 8 10 13 16
0 2 4 6 8 10 12 17
0 2 3 5 6 9 12 21
0 2 3 5 6 9 12 14
0 1 3 4 6 8 11 19
1 4 5 7 10 11 13 23
0 3 4 5 7 11 12 22
1 2 3 4 7 8 13 20
0 1 2 3 4 5 6 15
0 1 4 6 8 10 11 16
0 2 3 5 7 9 12 18
0 1 2 3 4 6 8 17
0 1 2 3 5 6 9 21
5 7 9 10 11 12 13 14
0 1 2 3 4 5 6 15
0 1 3 4 7 8 11 22
0 1 3 4 6 8 11 23
1 2 3 4 7 8 13 20
0 1 3 4 5 6 11 19
0 2 4 6 8 10 12 16
1 2 5 6 9 10 13 18
1 2 4 6 8 10 13 17
0 1 2 3 5 6 9 21
0 2 3 7 8 9 12 14
0 1 2 3 5 6 9 15
1 2 3 4 7 8 13 20
0 1 2 3 4 5 7 22
3 4 6 8 11 12 13 23
0 1 3 4 6 8 11 19
0 1 2 4 6 8 10 16
1 2 5 7 9 10 13 18
0 2 5 7 9 10 12 14
0 2 3 5 6 9 12 21
0 1 3 4 6 8 11 17
0 1 2 3 4 5 6 15
0 1 2 3 4 7 8 20
0 1 2 3 4 5 7 22
0 1 3 4 6 8 11 23
0 1 3 4 5 6 11 19
0 1 2 3 4 6 8 16
0 1 2 5 6 9 10 18
0 2 5 7 9 10 12 14
0 1 2 3 4 6 8 17
0 2 3 6 8 9 12 21
0 1 2 3 4 5 6 15
0 1 2 3 4 5 6 19
1 2 3 4 6 8 13 20
0 1 3 4 5 7 11 22
0 1 3 4 6 8 11 23
0 1 2 3 4 7 8 16
0 2 5 7 9 10 12 14
0 1 2 5 7 9 10 18
1 2 3 4 6 8 13 17
0 2 3 5 7 9 12 21
0 1 2 3 4 5 6 15
0 1 2 6 8 9 10 16
1 2 3 4 7 8 13 20
0 1 2 3 4 5 7 22
0 1 2 3 4 6 8 23
0 1 3 4 5 6 11 19
0 2 5 7 9 10 12 14
0 1 2 3 5 7 9 18
0 1 2 3 4 6 8 17
0 2 3 5 7 9 12 21
1 2 3 4 7 8 13 15
0 1 2 4 6 8 10 16
1 2 3 4 7 8 13 20
0 1 2 3 4 5 7 22
0 1 3 4 5 6 11 19
0 1 3 4 6 8 11 23
0 2 4 5 7 10 12 14
0 1 2 5 7 9 10 18
0 1 2 3 4 6 8 17
0 1 2 3 4 5 6 15
0 1 2 5 7 9 10 21
0 1 3 4 6 8 11 16
2 3 4 7 8 12 13 20
0 1 3 4 5 6 11 19
0 1 3 4 5 7 11 22
0 2 3 7 8 9 12 14
0 1 3 6 8 9 11 23
0 1 2 5 7 9 10 18
1 2 3 6 8 9 13 17
0 2 3 4 5 6 12 15
0 2 3 5 6 9 12 21
0 3 5 7 9 11 12 14
0 1 3 4 5 6 11 19
1 2 3 4 7 8 13 20
0 2 4 5 7 10 12 22
0 1 2 4 6 8 10 16
0 1 3 4 6 8 11 23
0 1 2 3 4 5 6 17
0 1 2 5 7 9 10 18
0 2 3 4 5 6 12 15
0 2 3 5 6 9 12 21
0 5 7 9 10 11 12 14
1 2 4 6 8 10 13 16
1 2 3 4 7 8 13 20
1 3 4 5 6 11 13 19
0 1 2 3 4 5 7 22
0 1 2 3 4 6 8 17
0 1 3 4 6 8 11 23
0 1 2 7 8 9 10 18
0 1 2 3 4 5 6 15
0 2 3 5 6 9 12 21
0 2 5 7 9 10 12 14
0 1 2 4 5 6 10 16
1 2 3 4 7 8 13 20
0 1 3 4 6 8 11 19
0 2 3 4 5 7 12 22
0 1 2 3 5 6 9 17
0 1 2 3 4 6 8 23
0 1 2 5 7 9 10 18
0 1 2 3 4 5 6 15
0 2 4 6 8 10 12 14
0 2 3 5 6 9 12 21
0 1 2 4 6 8 10 16
1 4 7 8 10 11 13 20
1 3 4 5 6 11 13 19
0 1 2 4 5 7 10 22
3 4 5 6 11 12 13 17
0 1 2 5 7 9 10 18
0 1 3 4 6 8 11 23
0 1 2 3 4 5 6 15
0 2 5 7 9 10 12 14
0 2 3 5 6 9 12 21
0 1 2 4 6 8 10 16
0 3 4 5 6 11 12 19
1 2 3 4 7 8 13 20
0 1 2 4 6 8 10 17
0 1 2 3 4 7 8 22
0 1 2 3 5 6 9 15
0 1 2 3 5 7 9 18
0 1 3 6 8 9 11 23
0 2 7 8 9 10 12 14
0 3 5 6 9 11 12 21
0 2 3 4 6 8 12 16
0 1 2 3 4 6 8 17
1 2 3 4 7 8 13 20
0 1 3 5 6 9 11 19
0 1 2 3 4 5 7 22
0 1 2 3 4 5 6 15
0 2 3 5 7 9 12 18
0 1 3 4 6 8 11 23
0 2 5 7 9 10 12 14
0 2 3 5 7 9 12 21
0 1 2 4 6 8 10 16
0 1 2 5 7 9 10 14
1 2 4 7 8 10 13 20
0 1 3 4 5 7 11 19
0 1 2 3 4 6 8 17
0 1 2 3 4 5 7 22
0 2 5 7 9 10 12 18
0 2 3 4 5 6 12 15
0 1 3 4 6 8 11 23
0 1 4 7 8 10 11 16
0 3 5 6 9 11 12 21
0 1 2 5 7 9 10 14
0 1 3 4 5 6 11 19
1 2 4 7 8 10 13 20
0 1 2 3 6 8 9 17
0 1 2 3 4 5 7 22
0 2 4 5 7 10 12 18
0 1 3 4 6 8 11 15
0 1 3 4 7 8 11 23
0 1 2 4 6 8 10 16
0 2 3 6 8 9 12 21
0 2 5 7 9 10 12 14
0 1 3 4 6 8 11 17
1 2 3 4 5 7 13 20
1 4 5 6 10 11 13 19
0 1 2 3 4 5 7 22
0 1 2 3 4 6 8 15
0 2 5 6 9 10 12 18
0 1 2 4 6 8 10 16
0 1 3 4 6 8 11 23
0 1 5 6 9 10 11 21
0 2 3 5 6 9 12 14
1 3 7 8 9 11 13 17
1 2 3 4 7 8 13 20
0 1 3 4 5 6 11 19
0 1 3 4 5 6 11 15
0 1 2 3 6 8 9 22
0 1 5 7 9 10 11 18
0 2 4 7 8 10 12 16
0 2 4 5 7 10 12 14
0 1 3 4 6 8 11 23
0 2 3 5 6 9 12 21
0 1 2 3 5 6 9 17
1 2 3 7 8 9 13 20
0 1 3 4 5 6 11 19
0 1 2 3 4 5 6 15
1 2 3 4 5 6 13 22
0 1 2 3 5 7 9 18
1 2 4 6 8 10 13 16
0 2 5 7 9 10 12 14
0 1 2 3 4 6 8 23
0 2 3 5 6 9 12 21
0 1 3 4 6 8 11 17
0 1 3 4 6 8 11 19
1 2 3 4 7 8 13 20
1 2 4 5 7 10 13 15
0 5 6 9 10 11 12 18
0 2 3 4 5 7 12 22
0 1 2 3 4 6 8 16
0 2 5 7 9 10 12 14
0 2 5 6 9 10 12 21
0 3 4 7 8 11 12 23
0 1 2 3 4 5 6 17
0 1 2 3 4 5 6 15
1 2 3 7 8 9 13 20
0 1 2 3 5 7 9 19
0 1 2 6 8 9 10 16
0 1 2 3 4 5 7 22
0 1 2 5 7 9 10 18
0 2 4 5 7 10 12 14
0 2 3 5 6 9 12 21
0 1 3 6 8 9 11 23
0 1 2 3 4 6 8 17
0 1 3 4 5 6 11 15
2 3 4 6 8 12 13 20
0 1 3 4 5 6 11 19
0 2 5 7 9 10 12 14
0 1 2 5 6 9 10 18
0 1 2 3 4 5 7 22
0 1 2 4 6 8 10 16
0 1 2 3 4 6 8 17
0 2 3 4 5 6 12 21
0 1 3 6 8 9 11 23
0 1 2 3 4 5 6 15
1 2 3 4 7 8 13 20
0 1 3 4 5 6 11 19
0 2 5 6 9 10 12 14
0 1 6 8 9 10 11 18
1 2 3 4 5 7 13 22
0 1 2 4 6 8 10 16
0 1 2 3 4 6 8 17
0 1 2 3 5 6 9 21
0 1 2 3 5 7 9 15
0 1 2 4 6 8 10 23
0 3 4 5 6 11 12 19
1 2 3 4 6 8 13 20
0 2 4 5 7 10 12 14
0 1 2 5 7 9 10 18
0 2 3 4 5 7 12 22
0 1 2 3 4 6 8 16
0 1 2 3 4 6 8 17
0 2 3 5 6 9 12 21
0 1 2 3 4 5 6 15
1 3 5 6 9 11 13 23
0 1 2 5 7 9 10 14
1 2 4 7 8 10 13 20
0 1 3 4 5 6 11 19
0 1 2 4 6 8 10 16
0 1 2 5 7 9 10 18
1 2 3 4 5 7 13 22
1 2 4 5 6 10 13 15
0 1 2 3 4 6 8 17
0 2 5 6 9 10 12 21
0 2 5 7 9 10 12 14
0 1 4 6 8 10 11 23
2 3 4 5 7 12 13 20
0 1 2 3 4 5 6 19
0 1 4 6 8 10 11 16
0 1 2 7 8 9 10 18
0 1 2 4 5 7 10 22
0 1 2 3 4 6 8 15
0 1 2 3 4 6 8 17
0 2 3 5 6 9 12 21
0 2 5 7 9 10 12 14
0 1 3 4 5 7 11 23
1 2 3 7 8 9 13 20
0 1 3 5 6 9 11 19
0 1 2 4 6 8 10 16
0 1 3 7 8 9 11 18
1 2 3 4 6 8 13 15
0 1 2 3 4 5 7 22
0 1 2 3 4 6 8 17
0 2 3 5 6 9 12 21
2 4 7 8 10 12 13 14
0 1 5 6 9 10 11 19
1 4 6 8 10 11 13 23
1 2 4 7 8 10 13 20
0 1 2 4 6 8 10 16
0 1 2 5 7 9 10 18
0 1 2 4 5 6 10 15
0 1 2 3 5 7 9 22
0 1 2 3 4 6 8 17
0 2 3 5 7 9 12 21
0 2 4 5 7 10 12 14
0 1 2 4 6 8 10 16
1 2 3 4 7 8 13 20
0 3 4 6 8 11 12 23
0 1 3 4 5 6 11 19
0 1 2 3 4 5 6 15
0 1 2 4 5 6 10 18
0 1 2 3 4 7 8 22
0 1 2 3 4 6 8 17
0 3 5 7 9 11 12 14
0 3 5 6 9 11 12 21
0 1 4 6 8 10 11 16
1 2 3 4 7 8 13 20
0 1 3 4 5 6 11 23
1 3 4 5 6 11 13 19
0 1 2 3 4 5 6 15
0 1 2 5 7 9 10 18
0 1 2 3 4 6 8 17
0 1 2 3 4 5 7 22
0 2 5 7 9 10 12 14
0 2 6 8 9 10 12 21
0 1 2 4 6 8 10 16
1 2 3 4 7 8 13 20
0 1 3 4 5 6 11 19
0 1 3 4 6 8 11 23
0 1 2 3 4 5 6 15
0 1 2 3 7 8 9 18
0 1 3 4 7 8 11 17
1 2 3 4 5 7 13 22
0 2 5 7 9 10 12 14
0 3 5 6 9 11 12 21
0 1 2 4 6 8 10 16
0 1 4 5 6 10 11 19
1 2 3 4 7 8 13 20
1 3 4 6 8 11 13 23
0 1 2 3 4 5 6 15
0 1 2 5 7 9 10 18
1 2 3 4 5 6 13 17
2 5 7 9 10 12 13 14
0 1 2 3 4 5 7 22
0 1 2 4 6 8 10 16
0 2 5 6 9 10 12 21
0 1 2 3 4 5 6 15
1 2 3 4 7 8 13 20
0 1 4 6 8 10 11 19
0 1 3 4 5 6 11 23
0 1 2 3 4 6 8 17
0 1 2 5 6 9 10 18
0 2 5 7 9 10 12 14
0 1 2 3 4 5 6 22
1 2 4 6 8 10 13 16
0 2 3 5 6 9 12 21
0 1 2 4 5 6 10 15
1 2 3 4 7 8 13 20
0 1 3 4 5 6 11 19
0 1 2 3 4 6 8 17
0 1 3 4 6 8 11 23
0 1 2 5 7 9 10 18
0 5 7 9 10 11 12 14
1 2 3 4 5 7 13 22
0 1 2 3 4 6 8 16
0 2 3 5 6 9 12 21
0 2 3 4 5 6 12 15
0 1 2 4 7 8 10 20
0 1 3 4 5 6 11 19
0 1 2 3 4 7 8 17
0 1 3 4 5 6 11 23
0 2 5 7 9 10 12 18
0 2 5 6 9 10 12 14
0 1 2 4 6 8 10 16
0 1 2 3 4 5 7 22
0 2 3 5 6 9 12 21
0 1 2 3 5 6 9 15
0 1 2 3 4 6 8 17
0 1 2 3 4 7 8 20
0 3 4 5 7 11 12 19
0 1 2 4 5 7 10 18
0 1 4 6 8 10 11 23
2 5 7 9 10 12 13 14
0 1 3 4 5 6 11 15
0 1 2 3 4 5 7 22
0 1 2 4 6 8 10 16
0 2 3 5 6 9 12 21
0 5 7 9 10 11 12 14
1 2 3 4 7 8 13 20
0 1 3 4 5 6 11 19
0 1 2 3 4 6 8 17
0 1 3 4 6 8 11 23
0 1 5 7 9 10 11 18
0 4 5 7 10 11 12 14
0 1 2 4 6 8 10 16
0 1 2 3 4 5 7 22
0 1 2 3 5 6 9 21
0 1 2 3 4 6 8 15
1 2 3 7 8 9 13 20
0 2 3 5 6 9 12 19
0 1 2 3 4 6 8 17
0 1 2 5 7 9 10 18
1 3 4 6 8 11 13 23
0 2 4 5 7 10 12 14
0 1 2 4 6 8 10 16
0 2 3 4 5 7 12 22
0 2 3 5 6 9 12 21
0 1 2 3 4 5 7 15
0 1 3 4 5 6 11 19
1 2 3 4 7 8 13 20
0 1 2 3 4 5 6 17
0 1 2 5 7 9 10 18
2 3 5 6 9 12 13 14
0 1 3 4 6 8 11 23
0 1 2 4 6 8 10 16
0 1 2 3 4 5 6 15
0 1 2 3 4 5 6 22
0 3 5 6 9 11 12 21
1 2 3 4 5 6 13 17
1 2 3 4 5 7 13 20
0 3 4 5 6 11 12 19
0 1 2 5 7 9 10 18
0 2 7 8 9 10 12 14
1 2 3 4 6 8 13 23
0 1 2 4 6 8 10 16
0 1 2 3 4 5 6 15
1 2 3 4 5 7 13 22
0 2 3 4 5 6 12 21
1 2 4 6 8 10 13 17
1 2 3 5 6 9 13 20
0 1 3 5 7 9 11 19
0 2 5 7 9 10 12 14
0 1 2 5 6 9 10 18
0 1 2 4 6 8 10 16
0 1 3 4 7 8 11 23
1 2 3 4 5 6 13 15
0 1 2 3 4 5 7 22
0 1 3 5 6 9 11 21
0 1 3 4 6 8 11 17
1 2 3 4 5 7 13 20
0 1 4 5 6 10 11 19
0 2 5 6 9 10 12 14
0 1 2 5 7 9 10 18
0 1 2 4 6 8 10 16
0 1 3 4 5 6 11 23
0 1 2 3 4 5 6 15
0 2 3 5 7 9 12 21
0 2 4 5 7 10 12 22
0 1 2 3 4 6 8 17
0 1 3 4 5 6 11 19
0 1 2 3 4 7 8 20
0 5 7 9 10 11 12 14
0 2 5 7 9 10 12 18
0 2 4 7 8 10 12 16
0 1 2 3 5 6 9 15
0 1 3 4 6 8 11 23
1 2 3 4 6 8 13 17
0 1 2 7 8 9 10 22
0 1 2 3 5 6 9 21
0 2 3 4 5 7 12 14
1 2 3 4 7 8 13 20
0 3 4 5 6 11 12 19
0 1 2 5 7 9 10 18
0 1 2 4 6 8 10 16
0 1 2 3 4 5 6 15
0 3 7 8 9 11 12 17
0 1 3 4 6 8 11 23
0 1 2 3 5 6 9 21
1 2 3 4 5 7 13 22
0 2 4 5 7 10 12 14
2 3 4 7 8 12 13 20
0 1 3 4 5 6 11 19
0 1 2 4 6 8 10 16
0 1 2 7 8 9 10 18
0 1 2 3 4 5 6 15
0 1 2 3 6 8 9 17
0 1 2 3 4 5 6 23
0 2 3 6 8 9 12 21
0 1 2 3 4 5 7 22
0 4 5 7 10 11 12 14
1 2 3 4 7 8 13 20
0 1 3 4 5 6 11 19
0 1 2 4 5 6 10 16
0 1 2 5 7 9 10 18
0 1 2 3 4 5 6 15
0 1 2 3 6 8 9 17
2 3 5 6 9 12 13 21
0 1 3 4 6 8 11 23
2 3 4 5 7 12 13 22
0 2 5 7 9 10 12 14
0 1 3 4 5 7 11 19
1 2 3 4 7 8 13 20
0 1 2 4 6 8 10 16
0 1 5 7 9 10 11 18
1 3 4 5 6 11 13 15
2 3 4 6 8 12 13 17
0 2 5 7 9 10 12 14
0 1 3 4 6 8 11 23
0 2 3 6 8 9 12 21
0 1 2 3 4 5 7 22
0 1 2 6 8 9 10 16
1 2 3 4 7 8 13 20
0 1 3 5 6 9 11 19
0 2 7 8 9 10 12 18
0 1 3 4 5 6 11 15
0 2 5 7 9 10 12 14
0 1 2 3 4 6 8 17
0 2 3 5 6 9 12 21
0 1 3 4 7 8 11 23
0 1 2 3 4 5 7 22
0 1 2 4 6 8 10 16
1 4 6 8 10 11 13 20
0 1 3 5 6 9 11 19
0 1 2 3 4 6 8 15
1 2 5 6 9 10 13 18
0 2 5 7 9 10 12 14
1 2 3 4 6 8 13 17
0 2 3 5 6 9 12 21
0 1 2 3 4 5 6 15
0 1 3 4 6 8 11 23
0 1 2 3 4 5 7 22
1 3 4 7 8 11 13 20
0 1 3 4 5 6 11 19
0 1 2 4 5 6 10 16
0 1 2 5 7 9 10 18
0 2 5 7 9 10 12 14
0 1 2 3 4 6 8 17
1 2 3 4 6 8 13 15
0 2 3 6 8 9 12 21
0 1 3 4 6 8 11 23
0 1 2 3 4 5 7 22
0 1 3 4 5 6 11 19
1 2 3 4 7 8 13 20
0 1 2 4 6 8 10 16
0 1 2 5 6 9 10 18
0 2 5 7 9 10 12 14
0 1 2 3 4 6 8 17
0 2 3 4 5 6 12 15
0 2 3 6 8 9 12 21
0 1 2 3 4 5 7 22
0 1 3 4 6 8 11 23
0 1 2 4 7 8 10 16
2 3 4 7 8 12 13 20
0 1 3 5 6 9 11 19
0 1 2 5 7 9 10 18
2 5 7 9 10 12 13 14
0 2 3 4 6 8 12 17
0 1 2 3 4 5 6 15
0 1 2 3 5 6 9 21
2 4 5 6 10 12 13 16
0 1 6 8 9 10 11 23
0 2 3 4 7 8 12 22
1 2 3 4 7 8 13 20
0 1 3 4 5 6 11 19
2 5 6 9 10 12 13 14
1 2 3 5 7 9 13 18
0 1 2 3 4 6 8 17
0 1 2 3 4 5 6 15
0 2 3 5 6 9 12 21
0 1 2 4 6 8 10 16
0 1 2 3 4 5 6 22
0 1 3 4 5 6 11 23
1 2 3 4 7 8 13 20
0 1 3 4 5 6 11 19
0 3 5 7 9 11 12 14
1 2 5 7 9 10 13 18
0 1 2 3 4 6 8 17
0 1 2 3 4 5 6 15
0 1 2 4 6 8 10 16
0 2 5 6 9 10 12 21
0 2 5 7 9 10 12 14
0 1 3 4 6 8 11 23
0 1 3 4 5 7 11 22
1 2 3 4 7 8 13 20
0 1 3 5 6 9 11 19
0 1 2 5 7 9 10 18
0 1 2 3 4 6 8 17
0 1 2 3 4 5 6 15
0 2 4 7 8 10 12 16
0 2 3 5 6 9 12 21
0 2 5 7 9 10 12 14
0 1 2 3 4 5 7 22
0 1 2 4 5 6 10 23
1 2 4 7 8 10 13 20
1 3 4 6 8 11 13 19
0 1 2 5 7 9 10 18
0 1 2 3 4 6 8 17
0 1 2 3 4 5 6 15
0 1 4 6 8 10 11 16
0 2 3 5 6 9 12 21
0 2 5 7 9 10 12 14
1 2 3 4 7 8 13 20
0 1 2 3 5 7 9 22
0 1 3 4 6 8 11 23
0 1 3 4 5 6 11 19
0 1 2 3 4 6 8 17
0 1 2 5 7 9 10 18
0 1 2 3 5 6 9 15
0 1 2 4 6 8 10 16
0 2 5 7 9 10 12 14
0 2 3 4 5 6 12 21
1 2 3 4 7 8 13 20
0 1 2 3 4 5 7 22
0 1 3 4 5 6 11 23
1 3 4 5 6 11 13 19
0 1 2 3 4 7 8 17
0 1 2 5 7 9 10 18
0 1 2 3 4 5 6 15
0 1 2 4 7 8 10 16
0 4 5 7 10 11 12 14
0 2 3 5 7 9 12 21
0 1 2 3 4 6 8 17
0 1 2 3 4 7 8 22
1 2 3 4 7 8 13 20
1 3 4 6 8 11 13 23
0 1 3 4 5 6 11 19
0 1 2 5 7 9 10 18
1 2 3 4 5 6 13 15
0 1 2 4 6 8 10 16
2 4 5 7 10 12 13 14
0 3 5 7 9 11 12 21
2 5 6 9 10 12 13 14
1 2 3 5 7 9 13 20
0 1 2 3 4 7 8 22
0 1 3 4 6 8 11 23
1 3 4 5 6 11 13 19
0 1 2 5 7 9 10 18
1 2 3 4 6 8 13 17
0 2 4 6 8 10 12 16
1 2 3 4 5 7 13 15
0 2 3 5 6 9 12 21
0 2 5 7 9 10 12 14
1 2 3 4 7 8 13 20
0 1 2 3 4 5 6 22
0 3 4 5 7 11 12 19
0 1 3 6 8 9 11 23
0 1 2 6 8 9 10 17
0 1 2 3 5 7 9 18
1 2 4 6 8 10 13 16
0 1 2 3 5 6 9 15
0 2 5 7 9 10 12 14
0 2 3 4 5 6 12 21
1 3 4 5 6 11 13 19
1 2 3 4 7 8 13 20
0 1 2 3 4 5 7 22
0 2 3 4 6 8 12 17
0 1 3 4 6 8 11 23
0 1 2 7 8 9 10 18
0 2 4 6 8 10 12 16
1 2 3 4 5 6 13 15
0 2 5 7 9 10 12 14
2 3 5 7 9 12 13 21
0 1 2 3 4 6 8 17
1 2 4 7 8 10 13 20
0 1 2 3 4 5 7 22
0 1 2 4 6 8 10 19
0 1 3 4 6 8 11 23
0 1 2 3 5 7 9 18
0 1 2 3 4 5 7 15
0 1 4 7 8 10 11 16
0 2 5 7 9 10 12 14
0 3 6 8 9 11 12 21
0 1 2 3 4 6 8 17
1 2 3 4 6 8 13 20
0 1 2 3 4 5 7 22
0 1 3 4 5 6 11 19
0 2 5 7 9 10 12 18
0 3 4 6 8 11 12 23
1 2 3 4 5 6 13 15
1 2 4 6 8 10 13 16
0 2 5 7 9 10 12 14
0 1 2 3 4 5 6 17
0 2 3 5 6 9 12 21
0 1 2 3 4 7 8 20
0 1 3 4 5 6 11 19
0 1 2 3 4 5 7 22
0 1 3 4 5 6 11 15
0 1 3 4 5 6 11 23
1 2 7 8 9 10 13 18
0 1 4 6 8 10 11 16
5 7 9 10 11 12 13 14
0 1 2 3 6 8 9 17
0 2 3 5 6 9 12 21
0 1 3 4 5 6 11 19
0 1 2 3 4 5 7 20
0 1 2 3 4 7 8 22
0 2 3 4 5 6 12 15
0 1 5 7 9 10 11 18
0 1 3 4 6 8 11 23
0 1 2 4 6 8 10 16
0 2 5 7 9 10 12 14
0 1 2 3 4 6 8 17
0 2 3 5 6 9 12 21
0 1 2 3 5 6 9 15
2 3 4 7 8 12 13 20
0 1 4 5 7 10 11 19
0 1 3 4 5 7 11 22
0 1 2 5 7 9 10 18
0 1 2 3 4 6 8 16
0 1 3 6 8 9 11 23
0 2 5 7 9 10 12 14
1 2 3 4 5 7 13 17
0 2 3 5 6 9 12 21
0 1 2 3 4 5 6 15
1 2 3 7 8 9 13 20
0 4 5 6 10 11 12 19
0 1 2 3 4 7 8 22
0 1 2 3 5 7 9 18
0 1 2 6 8 9 10 16
0 1 3 4 6 8 11 23
0 2 3 7 8 9 12 14
0 1 3 4 5 6 11 17
0 1 2 3 4 5 6 15
0 2 3 5 6 9 12 21
1 2 3 4 7 8 13 20
0 1 4 5 6 10 11 19
0 2 3 5 7 9 12 22
0 1 2 4 6 8 10 16
0 2 5 7 9 10 12 18
0 2 4 5 7 10 12 14
0 1 3 4 6 8 11 23
0 1 2 3 4 5 6 17
0 1 2 3 4 5 6 15
0 2 3 5 7 9 12 21
0 1 2 4 6 8 10 16
1 2 3 4 7 8 13 20
0 1 3 4 6 8 11 19
0 1 2 3 4 5 7 22
0 1 2 7 8 9 10 18
2 5 7 9 10 12 13 14
0 1 4 7 8 10 11 23
1 2 3 4 6 8 13 15
0 1 2 3 4 6 8 17
0 2 3 5 6 9 12 21
1 2 3 6 8 9 13 16
1 3 4 7 8 11 13 20
0 1 3 4 5 6 11 19
0 1 2 3 4 5 7 22
0 2 3 7 8 9 12 18
0 2 5 7 9 10 12 14
0 1 2 3 4 5 6 15
0 1 3 4 6 8 11 23
0 2 3 4 6 8 12 17
0 1 2 4 6 8 10 16
0 2 3 5 6 9 12 21
1 2 3 4 7 8 13 20
0 1 3 4 5 6 11 19
0 1 2 5 7 9 10 18
0 1 2 3 4 5 6 22
0 2 5 7 9 10 12 14
0 1 2 3 4 5 6 15
0 1 3 4 5 6 11 17
0 1 3 4 6 8 11 23
0 1 2 6 8 9 10 16
0 2 3 6 8 9 12 21
1 2 3 4 7 8 13 20
0 1 3 4 5 6 11 19
0 2 5 6 9 10 12 14
0 1 2 3 5 7 9 22
0 1 2 5 7 9 10 18
0 1 2 4 5 6 10 15
0 1 2 3 4 6 8 17
0 3 4 6 8 11 12 23
1 2 4 7 8 10 13 16
0 3 5 6 9 11 12 21
0 1 2 4 5 7 10 14
1 3 4 7 8 11 13 20
0 1 3 4 6 8 11 19
0 1 2 4 7 8 10 18
0 1 2 3 4 5 7 22
0 1 2 4 5 6 10 15
0 1 2 3 4 6 8 17
0 1 4 6 8 10 11 16
0 1 3 4 6 8 11 23
0 1 3 5 6 9 11 21
0 2 5 7 9 10 12 14
1 2 3 4 7 8 13 20
0 1 3 4 5 6 11 19
0 1 2 5 7 9 10 18
0 1 2 3 4 5 7 22
0 1 2 3 4 5 6 15
0 1 2 3 4 6 8 17
0 1 2 4 6 8 10 16
0 1 3 4 6 8 11 23
0 2 5 7 9 10 12 14
0 1 2 3 5 6 9 21
1 3 4 7 8 11 13 20
0 1 3 4 5 6 11 19
0 1 2 5 6 9 10 18
0 2 3 4 5 7 12 22
1 2 3 4 5 6 13 15
0 1 2 3 4 7 8 17
0 1 2 6 8 9 10 16
2 5 7 9 10 12 13 14
0 1 3 4 6 8 11 23
0 2 3 5 6 9 12 21
1 2 3 4 6 8 13 20
0 1 3 4 5 6 11 19
0 1 2 3 4 6 8 15
0 2 5 7 9 10 12 18
0 2 3 4 5 7 12 22
0 1 2 4 6 8 10 17
2 4 5 7 10 12 13 14
0 1 2 4 6 8 10 16
0 2 3 5 6 9 12 21
0 1 3 4 7 8 11 23
0 1 2 3 4 5 6 15
1 2 3 4 7 8 13 20
0 1 3 4 5 6 11 19
0 1 2 5 7 9 10 18
0 2 3 4 5 7 12 22
0 1 2 3 4 6 8 17
0 1 2 7 8 9 10 14
0 1 2 4 6 8 10 16
0 2 3 4 5 6 12 21
0 1 3 4 6 8 11 23
0 1 2 4 5 6 10 15
2 3 4 7 8 12 13 20
0 1 3 4 5 6 11 19
0 1 2 3 5 7 9 18
1 2 3 6 8 9 13 17
1 3 4 5 7 11 13 22
0 2 5 7 9 10 12 14
0 1 2 4 6 8 10 16
0 1 4 5 6 10 11 15
0 2 3 5 6 9 12 21
0 1 3 4 6 8 11 23
1 2 3 4 7 8 13 20
0 1 3 4 5 6 11 19
0 1 2 5 7 9 10 18
0 1 2 3 4 6 8 17
0 2 3 5 7 9 12 22
0 2 5 7 9 10 12 14
0 1 2 4 6 8 10 16
0 1 2 3 5 6 9 15
0 2 3 5 6 9 12 21
0 1 3 4 6 8 11 23
1 2 3 4 7 8 13 20
1 3 4 5 6 11 13 19
0 1 2 3 6 8 9 17
0 1 2 3 7 8 9 18
0 1 2 3 4 5 7 22
0 2 3 5 7 9 12 14
0 1 2 3 4 6 8 16
0 1 2 3 4 5 6 15
2 3 5 6 9 12 13 21
0 2 5 7 9 10 12 14
0 1 3 6 8 9 11 23
1 3 4 7 8 11 13 20
0 1 3 4 5 6 11 19
0 1 2 5 7 9 10 18
0 1 2 3 4 6 8 17
0 1 2 3 4 5 7 22
0 1 2 4 6 8 10 16
0 2 5 7 9 10 12 14
0 1 3 4 6 8 11 15
0 2 3 5 6 9 12 21
1 2 3 4 7 8 13 20
1 3 4 6 8 11 13 23
0 3 4 7 8 11 12 19
0 1 2 5 7 9 10 18
0 1 2 4 6 8 10 17
0 1 2 3 4 5 7 22
1 2 3 4 6 8 13 16
0 1 2 5 7 9 10 14
0 1 2 4 5 6 10 15
0 2 3 5 6 9 12 21
1 2 3 4 7 8 13 20
0 1 3 4 6 8 11 23
0 1 3 4 6 8 11 19
0 1 2 5 7 9 10 18
0 1 2 3 4 6 8 17
0 1 4 7 8 10 11 16
0 1 2 3 4 5 7 22
0 2 6 8 9 10 12 14
1 2 3 4 5 6 13 15
0 1 2 3 5 6 9 21
0 1 3 4 6 8 11 19
1 2 3 4 5 7 13 20
0 1 4 6 8 10 11 23
0 1 3 4 6 8 11 17
0 1 2 5 7 9 10 18
0 1 2 4 6 8 10 16
0 1 2 3 4 5 7 22
0 2 5 7 9 10 12 14
0 1 2 3 5 6 9 15
0 2 3 5 6 9 12 21
0 1 2 3 4 6 8 17
2 3 4 7 8 12 13 20
0 1 3 4 6 8 11 23
0 1 3 4 5 6 11 19
0 1 2 5 7 9 10 18
0 1 2 4 7 8 10 16
0 1 2 3 4 5 6 22
0 2 5 7 9 10 12 14
0 1 2 3 4 5 7 15
0 1 2 3 4 6 8 17
0 2 3 5 6 9 12 21
1 2 3 4 7 8 13 20
0 1 3 4 5 7 11 19
0 1 3 4 6 8 11 23
0 1 2 7 8 9 10 18
0 1 2 4 6 8 10 16
0 2 5 7 9 10 12 14
0 1 2 3 4 5 7 22
0 1 2 3 4 6 8 15
0 1 2 3 4 6 8 17
0 2 3 5 7 9 12 21
1 2 3 4 7 8 13 20
0 1 3 4 6 8 11 19
0 1 2 3 5 7 9 18
0 1 3 4 6 8 11 23
0 1 2 4 6 8 10 16
0 2 3 5 6 9 12 14
0 1 2 3 5 6 9 22
0 1 2 3 4 5 6 15
1 2 3 4 5 6 13 17
0 5 6 9 10 11 12 21
0 1 2 4 6 8 10 16
1 2 3 4 7 8 13 20
0 1 3 4 5 6 11 19
0 1 3 5 6 9 11 23
0 1 2 5 7 9 10 18
2 5 7 9 10 12 13 14
0 1 2 3 4 5 7 15
0 1 2 4 5 7 10 22
0 1 2 3 4 6 8 17
0 2 4 6 8 10 12 16
0 2 3 5 6 9 12 21
0 3 4 5 7 11 12 20
0 1 3 4 5 6 11 19
0 1 2 3 5 7 9 18
0 1 3 4 6 8 11 23
0 2 5 7 9 10 12 14
0 1 3 4 6 8 11 15
1 3 4 5 7 11 13 22
0 1 2 3 4 7 8 17
0 2 5 6 9 10 12 14
0 3 5 6 9 11 12 21
1 2 3 4 7 8 13 20
0 1 3 4 5 6 11 19
0 2 7 8 9 10 12 18
1 2 3 4 6 8 13 23
0 1 2 4 6 8 10 16
0 1 2 3 4 5 6 15
0 2 3 4 6 8 12 17
0 1 2 3 5 7 9 22
0 2 5 7 9 10 12 14
0 2 3 5 7 9 12 21
1 2 3 4 5 7 13 20
0 1 3 4 6 8 11 19
0 1 2 7 8 9 10 18
0 1 2 4 7 8 10 16
0 1 4 6 8 10 11 23
0 1 2 3 4 5 6 15
0 1 3 4 5 6 11 17
0 1 2 3 5 7 9 22
0 5 7 9 10 11 12 14
0 2 3 6 8 9 12 21
0 1 5 6 9 10 11 16
1 2 3 4 7 8 13 20
0 1 3 4 5 7 11 19
0 1 2 5 7 9 10 18
0 1 3 4 6 8 11 15
0 1 3 4 6 8 11 23
0 2 5 7 9 10 12 14
0 1 2 3 4 5 7 22
1 2 4 6 8 10 13 17
0 1 2 4 6 8 10 16
0 2 6 8 9 10 12 21
1 2 3 4 7 8 13 20
0 1 3 4 5 6 11 19
0 1 2 5 6 9 10 18
0 1 2 3 4 5 6 15
1 3 4 6 8 11 13 23
0 2 3 5 7 9 12 14
0 2 3 4 6 8 12 17
0 1 2 3 4 5 7 22
0 1 2 6 8 9 10 16
0 2 3 5 6 9 12 21
1 2 4 7 8 10 13 20
0 1 3 5 6 9 11 19
0 1 2 3 5 7 9 18
0 1 2 3 4 7 8 15
2 5 7 9 10 12 13 14
0 1 3 4 6 8 11 23
0 1 2 3 4 6 8 17
0 1 2 3 7 8 9 22
0 1 2 3 4 6 8 16
0 2 3 5 6 9 12 21
1 3 4 7 8 11 13 20
0 1 3 4 5 6 11 19
0 1 2 3 5 7 9 18
0 1 2 3 4 5 6 15
0 2 5 7 9 10 12 14
0 1 3 4 5 6 11 23
0 1 2 3 4 6 8 17
0 1 2 4 6 8 10 16
0 1 2 3 4 5 7 22
0 1 2 4 5 6 10 15
0 2 3 5 7 9 12 21
1 2 3 4 7 8 13 20
0 1 3 4 5 6 11 19
0 1 2 5 7 9 10 18
0 2 5 7 9 10 12 14
0 1 2 3 6 8 9 17
0 1 3 4 6 8 11 23
0 1 2 4 6 8 10 16
0 1 2 3 4 5 7 22
0 1 3 4 5 6 11 15
0 2 3 5 6 9 12 21
1 2 3 7 8 9 13 20
0 1 3 5 6 9 11 19
0 2 5 7 9 10 12 18
2 5 7 9 10 12 13 14
0 1 2 4 6 8 10 17
0 1 2 4 6 8 10 16
0 1 4 6 8 10 11 23
1 2 3 4 5 6 13 22
0 1 2 3 4 5 6 15
0 2 3 7 8 9 12 21
1 2 3 4 7 8 13 20
0 1 3 5 6 9 11 19
0 1 2 5 7 9 10 18
0 7 8 9 10 11 12 14
0 1 2 3 4 6 8 17
0 1 2 4 6 8 10 16
0 1 3 4 6 8 11 23
0 1 2 3 4 5 6 15
0 1 2 3 4 5 7 22
0 2 3 5 7 9 12 21
1 2 3 4 7 8 13 20
1 4 6 8 10 11 13 19
0 1 2 5 6 9 10 18
0 2 7 8 9 10 12 14
1 2 3 4 6 8 13 17
0 1 2 4 6 8 10 16
0 1 2 5 6 9 10 15
0 1 3 4 6 8 11 23
0 1 2 3 4 5 7 22
0 2 7 8 9 10 12 14
0 2 3 5 6 9 12 21
1 2 3 4 7 8 13 20
0 1 3 4 5 6 11 19
0 1 2 4 5 7 10 18
0 1 2 3 4 6 8 17
0 1 2 4 6 8 10 16
0 1 3 4 5 6 11 15
0 1 3 4 6 8 11 23
0 2 4 5 7 10 12 14
0 2 4 5 7 10 12 22
0 2 3 5 7 9 12 21
1 2 3 4 7 8 13 20
0 1 3 5 6 9 11 19
0 1 2 5 7 9 10 18
0 2 3 4 6 8 12 17
0 1 2 4 6 8 10 16
0 1 2 3 4 5 6 15
0 2 4 5 7 10 12 14
0 1 3 4 6 8 11 23
0 1 3 4 5 7 11 22
0 2 3 5 7 9 12 21
1 2 3 4 7 8 13 20
0 1 2 3 4 5 6 19
0 1 2 5 7 9 10 18
0 1 2 3 4 6 8 17
0 1 2 4 6 8 10 16
0 1 2 3 4 5 6 15
0 2 5 6 9 10 12 14
0 2 5 7 9 10 12 14
2 4 5 7 10 12 13 14
