0 2 4 7 8 10 14 19 20 25
3 4 6 9 10 11 15 17 18 27
0 1 3 6 9 11 14 17 22 26
0 1 2 5 8 13 16 17 23 25
3 6 8 11 13 15 17 23 27 28
0 1 7 8 14 19 20 24 25 26
0 1 7 8 12 19 20 24 26 27
1 4 6 7 11 12 14 15 18 23
0 1 3 4 9 11 14 17 20 22
0 1 3 4 9 14 16 17 22 24
1 2 6 7 13 14 15 18 19 25
0 2 4 7 8 14 16 19 25 28
0 3 5 7 8 13 16 19 24 28
1 4 9 11 12 15 16 21 22 27
0 1 2 4 7 16 18 19 25 27
0 1 7 8 11 12 20 23 26 27
5 7 8 10 12 13 15 20 23 24
0 3 4 5 8 9 10 11 16 17
0 2 3 4 7 10 14 19 20 22
2 6 7 8 12 13 14 15 19 28
0 1 2 5 12 18 20 21 23 26
0 1 3 4 8 14 16 17 23 24
4 7 8 10 15 16 19 24 25 27
0 2 3 6 10 18 21 23 26 27
6 7 8 10 12 13 15 23 24 27
0 1 2 5 13 16 21 22 23 25
0 2 4 7 10 12 20 22 23 27
2 3 4 5 10 15 17 18 19 20
0 4 5 8 9 10 11 12 20 21
0 1 2 5 7 9 12 13 16 18
6 7 8 9 10 12 13 14 15 24
0 2 3 6 10 14 21 22 23 26
0 3 4 5 9 16 17 18 24 28
4 6 9 10 15 17 18 24 25 27
0 1 3 6 9 11 13 14 21 22
0 3 5 6 7 8 10 11 13 19
2 5 8 10 15 16 19 21 25 26
0 1 2 5 6 7 12 13 18 19
0 1 3 4 14 17 20 22 23 24
3 4 5 6 7 10 11 15 18 19
0 2 3 6 9 10 13 14 21 22
0 1 2 6 9 12 17 18 26 27
2 4 6 9 12 14 15 17 18 28
0 1 2 4 5 7 12 16 18 19
0 1 2 5 6 17 18 19 25 26
5 7 9 11 12 15 16 22 26 28
0 2 3 6 10 17 22 23 26 27
1 4 7 11 12 15 16 22 23 27
0 2 3 6 9 13 14 18 21 28
0 1 6 7 8 9 11 12 13 14
3 4 6 10 15 17 18 23 24 27
0 1 6 8 9 12 13 17 24 27
0 1 4 7 8 11 12 14 20 23
2 4 5 8 10 15 16 17 19 25
0 1 3 5 8 13 16 17 23 24
0 1 2 3 4 6 14 17 18 19
4 5 7 8 10 11 12 15 16 23
0 2 4 7 8 12 14 19 20 28
0 2 3 5 6 13 17 18 23 28
2 7 8 9 10 12 13 15 16 27
0 3 5 8 10 13 20 21 23 24
0 1 6 9 11 17 22 25 26 27
1 4 5 7 11 12 15 16 19 22
0 4 5 9 10 17 20 22 24 25
0 1 5 7 8 12 13 16 23 24
1 3 6 8 13 14 15 17 19 24
0 2 3 5 6 7 10 13 18 19
0 2 3 5 6 8 10 13 17 19
2 6 9 10 12 13 15 21 22 27
0 1 2 7 8 12 13 14 20 23
3 4 5 6 10 11 15 17 18 23
0 4 5 6 9 11 12 17 22 28
0 1 2 5 7 12 13 16 22 23
2 3 7 8 9 10 13 14 15 16
0 4 5 6 7 9 10 11 12 18
0 2 3 5 8 10 16 17 23 26
4 6 8 9 10 11 14 15 17 25
0 2 4 7 8 10 12 14 20 23
0 4 5 8 9 10 12 17 20 24
1 2 3 13 14 15 19 20 21 22
0 1 2 3 4 14 16 19 21 22
0 1 2 5 17 19 20 22 25 26
2 5 6 7 10 12 13 15 18 23
0 1 2 4 5 12 16 17 22 23
0 1 6 9 13 18 21 24 25 27
6 7 8 9 10 11 13 14 15 25
0 1 4 6 8 9 11 12 14 17
0 1 3 4 14 19 20 21 22 24
2 6 7 10 12 13 15 22 23 27
0 1 2 5 9 12 17 18 20 26
0 2 3 5 8 13 17 19 20 28
3 6 8 9 10 11 13 15 17 27
0 1 2 5 9 12 13 17 20 22
2 3 4 5 10 15 16 17 18 23
0 1 3 4 11 17 20 22 23 27
0 1 3 4 8 9 11 14 16 17
1 3 5 6 11 13 15 17 18 23
0 1 2 5 16 19 21 22 25 26
0 1 7 8 12 16 23 24 26 27
3 4 5 7 10 15 16 18 19 24
0 1 3 4 7 8 11 14 16 19
0 1 4 7 8 11 16 19 25 27
4 7 8 11 12 15 16 23 27 28
0 3 4 5 8 10 11 16 21 23
0 1 3 7 8 11 13 19 20 27
5 6 7 10 12 13 15 22 23 24
0 1 6 7 8 11 14 19 25 26
0 2 3 6 9 10 14 18 21 26
3 4 6 9 10 11 14 15 18 21
0 1 3 5 8 11 13 19 20 21
0 1 2 4 7 14 16 18 23 25
3 5 9 10 15 17 18 20 24 26
0 1 6 9 13 14 21 22 24 25
0 3 5 8 16 17 23 24 26 28
5 7 8 9 11 12 13 15 16 28
0 2 3 5 8 13 16 19 21 28
2 6 7 8 10 12 13 15 19 27
0 1 3 4 7 11 14 16 22 23
0 1 2 3 5 13 16 19 21 22
2 3 4 9 10 15 16 17 18 27
0 1 5 6 9 12 17 18 24 26
0 1 3 4 11 19 20 21 22 27
3 4 5 10 15 16 19 21 22 24
0 2 3 6 7 13 14 18 23 28
0 1 6 8 9 12 13 14 21 24
3 4 8 10 15 16 19 21 24 27
0 4 5 7 9 10 11 12 20 22
0 1 6 8 9 11 12 17 26 27
2 4 9 12 14 15 18 20 21 28
0 2 3 4 7 10 18 19 20 27
0 3 5 6 8 11 17 19 26 28
5 7 9 10 12 13 15 20 22 24
0 1 2 5 6 12 13 19 21 22
0 1 2 3 5 16 17 18 23 26
1 5 8 9 11 12 13 15 17 20
0 1 2 4 7 12 16 18 23 27
0 1 2 6 9 12 13 17 22 27
5 7 8 10 15 16 19 24 25 26
0 2 4 7 8 9 10 12 14 16
3 7 8 9 10 11 14 15 16 26
0 1 3 4 11 14 20 21 22 23
0 1 3 7 8 13 16 19 24 27
1 2 3 8 9 13 14 15 16 17
0 3 5 8 16 19 21 24 26 28
0 1 6 7 8 11 12 14 23 26
2 7 8 10 12 13 15 20 23 27
0 1 2 5 6 13 17 19 22 25
0 2 3 6 7 10 13 18 23 27
1 4 6 7 12 14 15 18 19 24
0 4 5 6 9 11 17 18 25 28
0 1 6 9 12 13 21 22 24 27
3 6 7 8 10 11 13 14 15 23
0 1 3 4 8 11 14 16 21 23
0 2 3 6 14 18 21 23 26 28
1 2 3 8 13 14 15 16 19 21
0 1 3 4 6 11 17 18 23 27
0 2 3 6 8 14 17 19 26 28
2 5 6 8 10 12 13 15 17 23
0 1 4 5 9 12 16 17 22 24
0 2 4 7 12 18 20 23 27 28
2 5 9 10 15 17 18 20 25 26
0 1 2 3 6 14 17 18 23 26
2 5 8 10 12 13 15 20 21 23
0 3 5 8 9 10 13 16 21 24
0 1 3 4 5 11 17 18 20 23
1 3 5 7 9 11 13 15 16 18
0 3 5 8 9 11 13 16 21 28
0 3 4 5 9 10 11 17 20 22
1 4 5 6 7 11 12 15 18 19
0 2 4 5 7 10 12 18 20 23
0 1 6 7 9 11 13 18 25 27
1 4 7 12 14 15 18 20 23 24
0 2 4 7 10 19 20 22 25 27
0 1 7 8 9 12 13 14 20 24
2 4 6 10 15 17 18 23 25 27
0 1 4 7 8 12 14 19 20 24
0 1 3 4 5 11 16 17 22 23
2 5 7 10 12 13 15 20 22 23
0 2 4 5 9 12 17 18 20 28
0 3 4 5 9 11 16 17 22 28
1 2 6 12 14 15 18 21 23 26
0 1 4 6 9 11 14 17 22 25
0 2 4 6 7 12 18 19 27 28
3 4 9 10 11 14 15 20 21 22
0 1 7 8 9 12 13 16 24 27
4 6 7 8 10 11 12 14 15 23
0 2 3 5 8 10 13 17 20 23
0 1 5 6 9 12 13 18 21 24
1 4 7 9 11 12 14 15 16 22
0 2 3 4 6 10 17 19 22 27
0 3 4 5 8 11 16 19 21 28
3 4 6 7 10 11 14 15 18 23
0 1 3 4 17 19 20 22 24 27
0 1 3 4 8 11 17 19 20 27
3 4 7 10 15 16 19 22 24 27
0 1 3 4 5 7 11 16 18 19
0 1 3 6 9 13 14 18 21 24
1 4 5 8 11 12 15 16 19 21
0 2 3 4 6 10 18 19 21 27
0 1 2 4 7 12 14 16 22 23
2 6 9 10 15 17 18 25 26 27
0 2 4 5 7 12 16 19 22 28
0 2 3 4 6 17 18 19 27 28
3 6 7 8 10 11 14 15 19 26
0 1 6 9 17 18 24 25 26 27
0 1 3 5 8 11 16 17 23 26
1 8 9 11 12 15 16 21 26 27
0 3 4 5 8 10 16 17 23 24
0 1 5 6 9 11 12 18 21 26
3 6 7 9 10 11 13 14 15 22
0 1 3 7 8 13 14 16 23 24
3 4 6 9 10 14 15 17 18 24
0 3 5 8 9 10 11 13 20 21
0 2 4 6 7 10 18 19 25 27
6 7 8 9 10 11 12 13 15 27
0 1 3 4 8 14 17 19 20 24
0 1 3 4 5 11 18 19 20 21
3 6 7 13 14 15 19 22 24 28
0 1 2 6 9 12 13 14 21 22
0 1 2 4 7 12 18 19 20 27
2 4 5 10 15 17 18 20 23 25
0 2 3 5 8 10 17 19 20 26
0 1 3 4 6 17 18 19 24 27
2 5 6 8 10 12 13 15 19 21
0 4 5 9 11 17 20 22 25 28
0 4 5 8 9 10 11 16 21 25
1 4 6 12 14 15 18 21 23 24
0 1 2 6 9 13 14 18 21 25
0 3 5 7 8 11 13 19 20 28
3 7 8 10 15 16 19 24 26 27
0 2 4 5 7 12 16 18 23 28
0 1 3 4 18 19 20 21 24 27
5 6 7 8 10 12 13 15 19 24
0 1 6 8 9 12 14 17 24 26
3 4 5 7 10 11 15 16 19 22
0 1 2 5 8 13 16 19 21 25
0 3 5 8 13 17 20 23 24 28
1 7 9 12 14 15 18 20 24 26
0 1 2 5 12 16 21 22 23 26
0 1 3 4 6 14 17 18 23 24
1 2 3 7 13 14 15 18 19 20
0 2 3 6 8 9 10 13 14 17
0 1 4 5 9 11 12 18 20 21
4 7 9 12 14 15 18 20 24 28
0 1 5 7 8 12 13 19 20 24
0 1 7 8 9 11 14 16 25 26
3 6 8 13 14 15 19 21 24 28
0 2 4 7 8 12 16 19 27 28
0 2 3 6 8 10 14 17 23 26
3 7 8 9 10 11 13 14 15 20
0 2 4 5 9 16 17 18 25 28
0 1 2 4 5 12 17 18 20 23
3 4 7 8 10 11 15 16 19 27
0 1 2 5 9 13 17 18 20 25
0 1 3 4 9 11 16 17 22 27
2 3 7 8 10 13 14 15 19 20
0 1 4 5 9 12 17 18 20 24
1 5 7 11 12 15 16 22 23 26
0 2 4 5 9 12 16 17 22 28
0 1 5 6 9 13 17 18 24 25
2 5 6 9 10 13 15 17 18 25
0 1 2 3 5 17 18 19 20 26
0 1 3 4 17 18 20 23 24 27
4 6 7 9 11 12 14 15 18 28
0 3 5 8 9 11 16 17 26 28
0 1 2 3 5 8 13 16 17 19
2 3 4 8 10 14 15 16 19 21
0 1 2 5 8 12 13 17 20 23
0 3 5 7 8 10 11 13 20 23
2 5 7 8 10 13 15 16 19 25
0 1 5 7 8 11 12 19 20 26
0 3 5 8 10 17 20 23 24 26
4 5 7 8 11 12 15 16 19 28
0 1 7 8 9 11 12 13 20 27
0 1 3 4 6 11 18 19 21 27
6 7 9 10 12 13 15 22 24 27
0 2 3 5 6 10 13 19 21 22
0 2 4 5 7 10 12 16 22 23
2 5 7 10 15 16 19 22 25 26
0 2 4 5 7 10 12 19 20 22
3 6 7 8 10 13 14 15 19 24
0 1 3 4 5 6 11 17 18 19
0 1 7 8 16 19 24 25 26 27
2 6 7 9 10 12 13 14 15 22
0 1 2 5 7 13 16 19 22 25
0 1 2 5 6 13 17 18 23 25
3 4 5 10 15 17 18 20 23 24
0 1 6 9 11 18 21 25 26 27
0 4 5 6 9 10 11 18 21 25
1 2 3 8 13 14 15 17 19 20
0 2 4 6 7 12 14 19 22 28
0 1 7 8 9 11 13 16 25 27
1 3 6 7 11 13 14 15 19 22
0 1 2 7 8 12 13 16 23 27
0 1 3 4 7 14 16 19 22 24
3 4 6 10 11 14 15 21 22 23
0 1 2 4 5 16 18 19 21 25
0 1 2 3 5 13 18 19 20 21
3 4 6 8 10 11 14 15 19 21
0 4 5 9 16 17 22 24 25 28
0 1 4 5 9 11 17 18 20 25
2 3 4 5 10 15 16 18 19 21
0 2 3 6 9 14 17 18 26 28
4 7 9 10 11 14 15 20 22 25
0 1 7 8 9 12 14 16 24 26
0 1 2 3 4 14 17 19 20 22
4 6 9 12 14 15 18 21 24 28
0 1 2 5 8 12 16 17 23 26
0 1 6 7 8 11 13 14 23 25
1 5 6 8 11 12 13 15 17 23
0 1 2 6 9 12 14 17 22 26
0 1 2 3 6 13 17 19 22 27
1 4 9 12 14 15 18 20 21 24
0 1 3 4 5 11 16 19 21 22
0 2 3 4 6 14 17 19 22 28
2 6 8 9 10 12 13 15 17 27
0 1 4 6 9 11 12 14 21 22
0 1 3 7 8 14 16 19 24 26
2 3 4 8 9 10 14 15 16 17
0 1 3 4 5 17 18 19 20 24
0 1 6 9 14 18 21 24 25 26
1 4 7 9 11 12 15 16 18 27
0 1 3 4 6 14 18 19 21 24
0 2 3 6 17 19 22 26 27 28
2 6 8 13 14 15 19 21 25 28
0 4 5 6 8 9 10 11 12 17
5 8 9 11 12 15 16 21 26 28
0 3 5 7 8 9 10 11 13 16
0 1 5 6 7 9 11 12 13 18
3 6 9 10 11 14 15 21 22 26
0 1 2 4 5 17 18 19 20 25
0 1 3 4 5 8 11 16 17 19
4 5 7 8 10 12 15 16 19 24
0 2 4 6 7 10 14 19 22 25
0 1 5 6 9 12 13 17 22 24
4 7 8 9 10 11 14 15 16 25
0 1 2 7 8 13 16 19 25 27
0 2 4 5 7 16 18 19 25 28
2 5 6 9 10 12 15 17 18 26
0 2 4 5 9 12 16 18 21 28
0 3 5 6 8 10 17 19 24 26
2 4 5 6 10 15 17 18 19 25
0 1 2 7 8 14 16 19 25 26
0 2 3 6 8 13 14 17 23 28
3 4 7 8 10 14 15 16 19 24
0 2 4 7 9 10 16 18 25 27
0 4 5 6 9 10 12 17 22 24
2 8 9 10 12 13 15 20 21 27
0 2 3 5 8 10 13 19 20 21
5 7 8 11 12 15 16 23 26 28
0 1 6 9 12 14 21 22 24 26
0 2 3 6 9 10 13 18 21 27
2 3 5 7 9 10 13 15 16 18
0 1 2 5 9 12 13 16 21 22
0 2 4 5 7 10 16 18 23 25
2 7 9 12 14 15 18 20 26 28
0 1 2 5 8 12 17 19 20 26
0 1 6 9 11 13 21 22 25 27
1 2 4 6 8 12 14 15 17 19
0 3 5 8 10 19 20 21 24 26
0 3 5 8 11 17 20 23 26 28
5 7 8 9 10 11 12 15 16 26
0 1 6 7 9 11 13 14 22 25
0 1 6 9 12 18 21 24 26 27
4 5 8 10 15 16 19 21 24 25
0 2 4 5 9 10 16 18 21 25
0 1 3 7 8 11 16 19 26 27
1 5 6 8 11 13 15 17 19 25
0 2 4 7 9 10 14 18 20 25
0 1 3 4 5 11 16 18 21 23
2 5 7 9 10 12 13 15 16 22
0 1 3 4 6 7 11 14 18 19
2 5 6 9 10 12 13 15 17 22
0 2 4 7 8 10 12 16 23 27
0 3 4 5 9 10 11 16 21 22
5 6 9 10 15 17 18 24 25 26
0 1 2 5 6 8 12 13 17 19
0 1 2 3 5 16 17 19 22 26
1 2 8 13 14 15 19 20 21 25
0 1 3 6 9 11 14 18 21 26
0 1 3 6 9 11 13 18 21 27
1 2 6 7 12 13 14 15 18 23
0 2 4 5 7 12 18 19 20 28
0 1 4 6 9 11 17 18 25 27
6 8 9 10 12 13 15 21 24 27
0 3 5 8 9 10 16 17 24 26
0 2 3 6 13 18 21 23 27 28
4 5 7 11 12 15 16 22 23 28
0 1 3 4 5 16 17 18 23 24
0 2 3 4 7 9 10 14 16 18
6 7 8 10 11 14 15 23 25 26
0 1 7 8 14 16 23 24 25 26
0 1 2 3 6 17 18 19 26 27
2 6 7 9 10 12 14 15 18 26
0 1 2 7 8 13 14 16 23 25
0 2 4 7 9 10 12 18 20 27
3 4 7 9 10 11 14 15 16 22
0 1 3 5 8 11 13 16 21 23
1 4 5 8 11 12 15 16 17 23
0 1 7 8 11 19 20 25 26 27
0 1 2 3 4 14 17 18 20 23
2 5 8 9 10 12 13 15 16 21
0 1 2 5 7 12 13 18 20 23
0 1 2 6 9 13 14 17 22 25
2 3 4 10 15 17 18 20 23 27
0 1 3 7 8 9 11 13 14 16
0 4 5 9 11 18 20 21 25 28
6 8 9 10 11 14 15 21 25 26
0 1 2 7 8 12 16 19 26 27
0 1 6 8 9 13 14 17 24 25
6 7 8 9 10 11 12 14 15 26
0 1 7 8 12 14 20 23 24 26
0 1 2 5 8 13 17 19 20 25
4 6 9 10 11 14 15 21 22 25
0 3 5 7 8 10 13 19 20 24
0 1 3 4 8 16 17 19 24 27
1 2 6 13 14 15 19 21 22 25
0 3 4 5 9 10 11 18 20 21
0 4 5 8 9 11 12 17 20 28
3 4 5 6 10 15 17 18 19 24
0 1 7 8 11 13 20 23 25 27
1 3 8 9 11 13 14 15 17 20
0 1 3 4 7 16 18 19 24 27
0 1 2 3 6 13 18 19 21 27
3 5 6 9 11 13 15 17 18 28
0 2 3 5 6 10 17 19 22 26
0 1 6 9 13 17 22 24 25 27
1 3 7 13 14 15 19 20 22 24
0 1 3 6 9 11 17 18 26 27
0 2 3 5 6 10 18 19 21 26
4 6 7 8 10 11 14 15 19 25
0 1 4 6 9 11 14 18 21 25
0 1 3 4 6 11 14 19 21 22
2 4 6 9 10 12 14 15 18 21
0 1 3 7 8 11 14 16 23 26
0 3 5 8 9 10 11 17 20 26
1 3 8 9 11 13 15 16 17 27
0 4 5 6 9 10 11 17 22 25
0 1 2 7 8 12 14 19 20 26
1 8 9 11 13 15 17 20 25 27
0 1 2 5 7 12 18 19 20 26
0 1 3 4 7 14 16 18 23 24
1 2 4 6 12 14 15 18 19 21
0 1 2 5 6 12 18 19 21 26
2 5 6 9 10 12 13 15 18 21
0 2 3 5 6 17 18 19 26 28
0 1 4 6 9 11 12 18 21 27
3 4 9 10 15 17 18 20 24 27
0 1 3 7 8 11 13 16 23 27
0 2 4 6 7 10 14 18 23 25
3 4 8 10 11 14 15 20 21 23
0 1 2 4 7 14 16 19 22 25
0 2 4 7 12 19 20 22 27 28
2 6 7 9 12 13 14 15 18 28
0 2 3 4 6 7 10 14 18 19
0 2 4 7 10 14 20 22 23 25
5 6 8 9 11 12 13 15 17 28
0 1 2 5 7 13 18 19 20 25
0 3 4 5 8 10 11 17 20 23
5 6 9 10 12 13 15 21 22 24
0 2 3 6 8 10 17 19 26 27
0 1 2 5 12 13 20 21 22 23
2 4 5 6 8 10 12 15 17 19
0 1 2 5 9 12 13 18 20 21
0 3 5 8 11 16 21 23 26 28
3 5 7 10 15 16 19 22 24 26
0 3 5 8 9 13 16 17 24 28
7 8 9 10 11 14 15 20 25 26
0 1 3 4 6 14 17 19 22 24
0 1 6 7 8 12 13 14 23 24
2 3 5 9 10 15 16 17 18 26
0 1 2 5 7 12 16 19 22 26
0 4 5 7 9 10 11 16 22 25
3 5 6 11 13 15 17 22 23 28
0 4 5 6 9 12 17 18 24 28
0 1 3 4 11 18 20 21 23 27
1 3 5 6 7 11 13 15 18 19
0 1 2 4 7 8 12 14 16 19
0 1 2 3 5 6 13 17 18 19
2 3 7 13 14 15 19 20 22 28
0 1 3 4 8 11 16 17 23 27
0 1 3 4 8 11 16 19 21 27
2 7 8 13 14 15 19 20 25 28
0 2 4 7 8 10 14 16 23 25
0 2 4 5 6 7 10 12 18 19
1 5 8 11 12 15 16 21 23 26
0 1 2 4 5 8 12 16 17 19
0 1 3 4 9 11 17 18 20 27
3 8 9 11 13 15 17 20 27 28
0 1 5 7 8 12 16 19 24 26
2 4 6 9 10 14 15 17 18 25
0 2 4 5 9 10 12 17 20 22
0 4 5 9 10 18 20 21 24 25
5 6 9 11 13 15 17 22 25 28
0 1 7 8 9 11 13 14 20 25
0 1 7 8 9 13 14 16 24 25
2 3 4 8 10 15 16 17 19 27
0 3 4 5 8 10 17 19 20 24
0 1 7 8 9 11 12 14 20 26
2 6 7 8 10 12 13 14 15 23
0 1 3 4 8 11 14 19 20 21
0 2 3 6 8 10 13 14 21 23
4 5 6 7 8 10 11 12 15 19
0 1 3 4 5 9 11 16 17 18
0 1 3 6 9 13 17 18 24 27
2 3 5 9 10 13 15 17 18 20
0 1 2 3 4 5 16 17 18 19
0 3 4 5 9 10 16 18 21 24
1 2 9 12 14 15 18 20 21 26
0 1 3 4 11 16 21 22 23 27
0 3 5 6 8 10 13 17 23 24
1 3 8 13 14 15 19 20 21 24
0 2 3 4 6 10 14 19 21 22
1 5 9 11 13 15 17 20 22 25
0 1 6 7 8 11 12 19 26 27
0 4 5 6 9 10 12 18 21 24
4 7 8 10 11 14 15 20 23 25
0 1 2 5 9 12 16 18 21 26
0 1 2 4 5 16 17 19 22 25
1 3 6 8 11 13 15 17 19 27
0 1 5 7 8 11 13 16 23 25
0 1 6 8 9 11 14 17 25 26
1 3 6 8 11 13 14 15 17 23
0 2 3 4 6 14 17 18 23 28
0 1 2 4 5 12 16 18 21 23
1 2 7 9 12 14 15 16 18 26
0 2 4 7 14 19 20 22 25 28
0 1 2 7 8 12 13 19 20 27
2 3 5 7 10 15 16 18 19 26
0 1 2 5 13 17 20 22 23 25
0 1 2 3 4 9 14 16 17 18
3 5 6 9 10 13 15 17 18 24
0 3 5 8 17 19 20 24 26 28
0 2 3 6 8 10 13 17 23 27
2 3 5 10 15 16 19 21 22 26
0 1 2 5 18 19 20 21 25 26
3 6 8 9 10 11 13 14 15 21
0 3 4 5 8 11 16 17 23 28
0 2 3 5 6 13 18 19 21 28
1 3 6 13 14 15 19 21 22 24
0 1 2 3 5 13 17 18 20 23
0 3 4 5 8 16 17 19 24 28
3 4 7 9 10 11 14 15 18 20
0 4 5 7 9 11 16 18 25 28
0 4 5 8 9 10 12 16 21 24
5 8 9 11 13 15 17 20 25 28
0 1 2 6 8 9 12 13 14 17
0 4 5 9 11 12 20 21 22 28
5 8 9 10 12 13 15 20 21 24
0 1 2 4 7 12 14 19 20 22
0 1 2 5 8 9 12 13 16 17
1 5 7 9 11 12 13 15 16 22
0 2 4 7 18 19 20 25 27 28
0 2 3 6 8 13 17 19 27 28
1 4 8 9 11 12 14 15 16 21
0 1 6 7 9 11 12 14 22 26
0 2 3 6 9 13 17 18 27 28
1 3 8 11 13 15 17 20 23 27
0 2 3 6 8 10 13 19 21 27
2 5 8 9 10 12 13 15 17 20
0 1 3 4 7 11 14 19 20 22
0 2 3 5 6 10 13 17 22 23
3 4 7 8 10 11 14 15 16 23
0 1 6 9 11 14 21 22 25 26
0 1 5 6 9 11 12 17 22 26
4 6 7 12 14 15 18 23 24 28
0 1 2 5 16 17 22 23 25 26
0 1 2 5 6 12 17 19 22 26
3 4 8 9 10 11 14 15 16 21
0 2 3 6 7 14 18 19 26 28
0 2 4 7 9 10 12 14 20 22
1 4 5 11 12 15 16 21 22 23
0 1 6 9 11 12 21 22 26 27
0 1 2 4 5 12 16 19 21 22
4 5 6 10 15 17 18 23 24 25
0 1 3 4 14 18 20 21 23 24
0 2 4 5 8 9 10 12 16 17
4 5 7 8 10 11 15 16 19 25
0 1 3 6 9 14 17 18 24 26
0 1 2 5 17 18 20 23 25 26
4 7 9 11 12 15 16 22 27 28
0 1 2 5 8 12 13 16 21 23
0 1 4 7 8 11 14 19 20 25
1 2 3 7 13 14 15 16 19 22
0 1 4 5 9 11 16 17 22 25
4 6 7 9 10 12 14 15 18 24
0 1 2 5 13 18 20 21 23 25
0 4 5 9 10 16 21 22 24 25
5 6 8 10 12 13 15 21 23 24
0 2 3 6 7 10 14 19 22 26
0 2 3 6 7 9 10 13 14 18
2 3 4 10 15 16 19 21 22 27
0 1 3 7 8 11 13 14 20 23
0 1 4 7 8 11 12 19 20 27
3 4 6 9 10 11 14 15 17 22
0 2 3 6 9 10 13 17 22 27
0 2 3 5 8 10 13 16 21 23
2 3 7 10 15 16 19 22 26 27
0 2 3 6 10 13 21 22 23 27
0 3 5 7 8 10 13 16 23 24
4 5 8 11 12 15 16 21 23 28
0 2 4 7 12 16 22 23 27 28
0 1 2 3 6 13 17 18 23 27
1 2 7 12 14 15 18 20 23 26
0 1 2 3 4 16 17 18 23 27
0 4 5 7 9 11 12 18 20 28
2 3 8 10 15 16 19 21 26 27
0 2 4 7 9 14 16 18 25 28
6 8 9 11 13 15 17 25 27 28
0 1 2 4 7 14 18 19 20 25
0 1 4 5 6 9 11 12 17 18
1 4 5 7 11 12 15 16 18 23
0 3 4 5 8 11 17 19 20 28
0 1 5 6 7 8 11 12 13 19
1 5 8 9 11 12 15 16 17 26
0 1 2 5 9 16 17 18 25 26
0 3 5 6 8 13 17 19 24 28
2 5 7 8 10 12 13 15 16 23
0 3 5 8 9 10 13 17 20 24
0 1 3 5 8 13 16 19 21 24
1 2 7 9 12 13 14 15 18 20
0 1 4 6 9 12 14 17 22 24
0 1 7 8 13 19 20 24 25 27
3 4 6 8 10 11 14 15 17 23
0 1 6 7 9 12 13 14 22 24
0 1 5 7 8 11 16 19 25 26
2 5 7 8 10 12 15 16 19 26
0 1 3 4 9 14 17 18 20 24
0 1 2 5 13 19 20 21 22 25
3 4 7 10 11 14 15 20 22 23
0 2 4 6 7 10 12 14 22 23
2 5 6 10 12 13 15 21 22 23
0 4 5 9 12 17 20 22 24 28
0 3 5 8 9 10 11 16 21 26
3 5 9 11 13 15 17 20 22 28
0 2 3 5 6 13 17 19 22 28
0 1 4 5 9 12 16 18 21 24
1 3 5 11 13 15 17 20 22 23
0 1 2 4 5 6 12 17 18 19
0 1 2 5 9 12 16 17 22 26
1 2 4 12 14 15 18 20 21 23
0 3 5 8 10 11 20 21 23 26
0 4 5 8 9 11 16 17 25 28
5 7 8 9 10 11 12 13 15 20
0 1 2 5 6 12 17 18 23 26
0 2 4 6 7 10 12 18 23 27
1 2 6 8 13 14 15 17 19 25
0 1 2 5 7 16 18 19 25 26
0 2 4 7 8 10 12 19 20 27
7 8 9 10 12 13 15 20 24 27
0 2 3 4 6 8 10 14 17 19
0 1 2 4 5 12 17 19 20 22
1 6 7 13 14 15 19 22 24 25
0 1 2 5 7 8 12 13 16 19
2 5 7 8 10 12 13 15 19 20
0 1 2 5 9 13 16 17 22 25
0 1 6 7 8 11 12 13 23 27
2 3 8 13 14 15 19 20 21 28
0 1 7 8 11 14 20 23 25 26
0 2 4 7 9 10 14 16 22 25
2 5 9 10 12 13 15 20 21 22
0 1 3 4 9 14 16 18 21 24
0 2 3 6 7 10 18 19 26 27
6 7 9 12 14 15 18 24 26 28
0 1 2 7 8 12 14 16 23 26
0 1 3 4 14 16 21 22 23 24
3 4 6 7 10 11 14 15 19 22
0 2 3 6 17 18 23 26 27 28
0 1 3 4 8 14 16 19 21 24
5 6 8 9 10 11 13 15 17 25
0 1 2 5 6 12 13 17 22 23
0 1 4 7 8 12 16 19 24 27
2 3 7 8 10 13 15 16 19 27
0 1 2 5 12 17 20 22 23 26
0 2 4 5 7 10 18 19 20 25
2 6 8 10 12 13 15 21 23 27
0 1 2 4 5 9 12 16 17 18
2 5 6 7 10 12 13 15 19 22
0 1 6 8 9 11 12 13 21 27
0 2 4 5 9 10 12 16 21 22
2 5 6 10 15 17 18 23 25 26
0 1 6 8 9 11 13 14 21 25
0 1 3 4 7 9 11 14 16 18
3 5 6 7 9 10 11 13 15 18
0 1 3 4 16 17 22 23 24 27
0 1 2 3 4 14 16 18 21 23
3 6 7 8 11 13 14 15 19 28
0 2 4 7 9 12 16 18 27 28
0 1 2 7 8 9 12 13 14 16
1 6 7 12 14 15 18 23 24 26
0 1 2 3 4 8 14 16 17 19
0 3 4 5 7 9 10 11 16 18
3 6 9 11 13 15 17 22 27 28
0 1 6 9 12 17 22 24 26 27
0 2 3 4 7 14 16 18 23 28
4 6 7 9 10 11 14 15 18 25
0 2 3 6 13 14 21 22 23 28
0 1 2 3 5 13 16 17 22 23
2 4 5 10 15 16 19 21 22 25
0 2 4 7 16 18 23 25 27 28
3 8 9 10 11 14 15 20 21 26
0 2 3 4 7 14 18 19 20 28
0 1 2 3 5 9 13 16 17 18
2 4 6 8 9 10 12 14 15 17
0 1 5 7 8 11 12 13 20 23
0 1 3 4 8 11 14 17 20 23
2 6 7 13 14 15 19 22 25 28
0 1 6 7 9 11 14 18 25 26
0 2 3 4 6 10 14 17 22 23
3 4 7 8 10 11 14 15 19 20
0 1 7 8 13 16 23 24 25 27
0 1 2 4 5 12 18 19 20 21
2 7 8 9 10 12 13 14 15 20
0 4 5 8 9 10 11 17 20 25
0 3 5 6 8 10 13 19 21 24
5 6 8 9 10 12 13 15 17 24
0 2 4 7 14 16 22 23 25 28
0 1 3 6 9 13 14 17 22 24
1 4 7 9 11 12 14 15 18 20
0 1 2 3 6 14 17 19 22 26
0 1 2 5 8 12 13 19 20 21
1 3 6 8 11 13 14 15 19 21
0 1 2 5 9 13 16 18 21 25
1 4 8 9 11 12 15 16 17 27
0 2 4 5 7 9 10 12 16 18
0 1 3 4 6 11 17 19 22 27
2 3 9 10 15 17 18 20 26 27
0 2 3 6 13 17 22 23 27 28
0 4 5 9 12 18 20 21 24 28
2 3 5 7 10 13 15 16 19 22
0 3 5 8 11 13 20 21 23 28
0 2 4 7 9 10 12 16 22 27
2 6 8 9 10 12 13 14 15 21
0 4 5 9 10 12 20 21 22 24
0 1 6 7 9 13 14 18 24 25
4 6 7 9 10 11 12 14 15 22
0 1 6 7 8 12 13 19 24 27
0 1 2 3 4 17 18 19 20 27
1 2 4 9 12 14 15 17 18 20
0 4 5 8 9 12 16 17 24 28
0 2 3 6 7 13 18 19 27 28
4 7 8 9 10 11 12 15 16 27
0 1 3 4 6 11 14 17 22 23
0 2 3 5 8 9 10 13 16 17
3 5 6 9 10 11 13 15 17 22
0 2 4 7 16 19 22 25 27 28
4 7 8 9 10 11 12 14 15 20
0 1 2 4 7 12 16 19 22 27
0 2 3 4 6 14 18 19 21 28
2 4 5 6 10 12 15 17 18 23
0 4 5 9 12 16 21 22 24 28
0 1 3 4 9 16 17 18 24 27
1 2 4 6 12 14 15 17 18 23
0 3 5 6 8 10 11 17 23 26
0 1 3 5 8 16 17 19 24 26
1 5 7 9 11 12 15 16 18 26
0 1 3 4 16 19 21 22 24 27
0 1 2 3 5 16 18 19 21 26
3 6 8 9 10 11 14 15 17 26
0 3 5 6 8 10 11 13 21 23
0 1 2 5 12 19 20 21 22 26
5 6 8 9 10 11 12 13 15 21
0 1 3 4 9 11 14 16 21 22
0 2 3 4 7 10 14 16 22 23
4 8 9 11 12 15 16 21 27 28
0 2 3 5 6 10 13 18 21 23
0 1 3 5 8 11 17 19 20 26
1 3 5 9 11 13 15 17 18 20
0 1 3 4 6 11 14 18 21 23
0 1 2 3 4 7 14 16 18 19
2 3 4 5 10 15 16 17 19 22
0 3 5 8 13 16 21 23 24 28
2 3 5 10 15 17 18 20 23 26
0 3 5 7 8 11 16 19 26 28
0 1 2 6 9 13 17 18 25 27
2 6 9 12 14 15 18 21 26 28
0 1 3 4 5 11 17 19 20 22
0 1 4 6 9 11 12 17 22 27
2 3 7 8 13 14 15 16 19 28
0 1 2 3 6 13 14 18 21 23
0 2 4 6 7 10 12 19 22 27
2 4 9 10 15 17 18 20 25 27
0 1 3 6 7 9 11 13 14 18
0 1 4 5 9 11 16 18 21 25
2 3 7 8 10 14 15 16 19 26
0 1 2 3 4 16 17 19 22 27
0 3 4 5 9 11 17 18 20 28
2 4 5 8 10 12 15 16 19 21
0 1 3 7 8 11 14 19 20 26
0 1 3 4 5 16 17 19 22 24
1 3 6 11 13 15 17 22 23 27
0 2 3 6 18 19 21 26 27 28
0 1 7 8 11 16 23 25 26 27
6 7 9 10 11 14 15 22 25 26
0 1 3 4 7 11 16 19 22 27
2 4 8 10 15 16 19 21 25 27
0 1 6 7 9 11 12 13 22 27
0 1 2 3 6 13 14 17 22 23
5 6 7 9 10 12 13 15 18 24
0 2 4 7 12 14 20 22 23 28
0 2 4 7 9 12 14 16 22 28
2 5 7 9 10 12 13 15 18 20
0 2 3 4 6 10 14 18 21 23
0 1 4 5 9 11 12 17 20 22
3 7 9 10 11 14 15 20 22 26
0 1 2 6 9 14 17 18 25 26
0 4 5 7 9 10 12 16 22 24
5 6 7 9 10 11 12 13 15 22
0 1 3 4 7 11 18 19 20 27
0 1 3 5 7 8 11 13 16 19
2 6 7 12 14 15 18 23 26 28
0 3 5 7 8 11 13 16 23 28
0 4 5 7 9 12 16 18 24 28
1 3 6 7 13 14 15 18 19 24
0 1 2 5 8 16 17 19 25 26
0 3 4 5 9 10 16 17 22 24
1 5 8 9 11 13 15 16 17 25
0 1 5 7 8 13 16 19 24 25
2 7 9 10 12 13 15 20 22 27
0 3 4 5 6 8 10 11 17 19
0 2 4 5 9 10 12 18 20 21
2 7 8 10 15 16 19 25 26 27
0 1 3 4 9 11 16 18 21 27
0 1 3 5 8 13 17 19 20 24
3 4 8 9 10 11 14 15 17 20
0 1 4 7 8 11 14 16 23 25
0 2 4 7 10 16 22 23 25 27
3 7 8 10 11 14 15 20 23 26
0 3 4 5 9 11 16 18 21 28
0 2 3 5 8 13 16 17 23 28
3 6 8 9 11 13 14 15 17 28
0 1 3 4 9 11 14 18 20 21
0 1 2 3 6 14 18 19 21 26
1 6 8 11 13 15 17 23 25 27
0 2 3 6 10 19 21 22 26 27
0 1 2 3 5 13 16 18 21 23
3 6 9 10 15 17 18 24 26 27
0 4 5 9 11 16 21 22 25 28
0 1 2 3 4 14 16 17 22 23
1 7 9 11 12 15 16 22 26 27
0 2 3 6 13 19 21 22 27 28
2 4 6 9 10 12 15 17 18 27
0 3 5 7 8 10 11 16 23 26
0 3 5 8 13 19 20 21 24 28
1 3 5 6 11 13 15 17 19 22
0 1 4 7 8 12 14 16 23 24
0 4 5 9 10 11 20 21 22 25
3 6 7 9 10 11 14 15 18 26
0 4 5 7 9 10 12 18 20 24
0 2 4 7 10 18 20 23 25 27
4 5 7 10 15 16 19 22 24 25
0 1 2 4 5 16 17 18 23 25
0 3 5 6 8 10 11 19 21 26
1 2 4 9 12 14 15 16 18 21
0 1 4 6 9 12 17 18 24 27
0 1 6 7 8 12 14 19 24 26
1 6 8 13 14 15 19 21 24 25
0 1 2 5 16 18 21 23 25 26
0 1 2 3 4 14 18 19 20 21
1 5 8 11 13 15 17 20 23 25
0 1 2 6 9 12 13 18 21 27
0 3 5 8 11 19 20 21 26 28
1 2 4 8 9 12 14 15 16 17
0 1 3 4 5 16 18 19 21 24
3 7 8 13 14 15 19 20 24 28
0 1 6 7 9 11 12 18 26 27
0 1 2 5 6 12 13 18 21 23
3 5 6 9 10 11 15 17 18 26
0 3 5 6 8 11 13 19 21 28
0 1 3 5 8 11 16 19 21 26
1 5 9 11 12 15 16 21 22 26
0 2 3 6 7 10 14 18 23 26
0 1 7 8 12 13 20 23 24 27
4 6 7 10 11 14 15 22 23 25
0 2 3 4 7 14 16 19 22 28
0 4 5 9 16 18 21 24 25 28
6 7 8 13 14 15 19 24 25 28
0 1 5 6 9 11 13 18 21 25
0 1 6 9 14 17 22 24 25 26
1 2 6 7 12 13 14 15 19 22
0 1 3 4 7 11 16 18 23 27
0 4 5 8 9 10 16 17 24 25
4 6 8 10 11 14 15 21 23 25
0 2 3 4 7 10 16 18 23 27
0 1 5 7 8 11 13 19 20 25
3 6 7 10 11 14 15 22 23 26
0 2 4 6 7 8 10 12 14 19
3 6 8 10 11 14 15 21 23 26
0 1 5 6 9 11 17 18 25 26
0 4 5 6 9 11 12 18 21 28
2 6 7 8 10 13 14 15 19 25
0 4 5 7 9 10 11 18 20 25
0 2 3 6 14 17 22 23 26 28
1 2 3 7 9 13 14 15 16 18
0 2 3 6 9 10 14 17 22 26
0 1 3 4 7 11 14 18 20 23
5 6 8 11 13 15 17 23 25 28
0 2 3 6 9 13 14 17 22 28
0 1 2 5 7 12 13 19 20 22
2 4 6 12 14 15 18 21 23 28
0 1 3 4 6 8 11 14 17 19
0 2 4 7 8 12 14 16 23 28
5 7 8 9 10 12 13 15 16 24
0 2 4 6 7 14 18 19 25 28
0 1 3 4 7 14 18 19 20 24
2 6 7 9 10 12 13 15 18 27
0 1 4 5 9 16 17 18 24 25
0 1 4 7 8 14 16 19 24 25
1 4 7 9 12 14 15 16 18 24
0 1 6 8 9 11 12 14 21 26
1 5 6 11 13 15 17 22 23 25
0 3 4 5 8 10 11 19 20 21
0 2 4 7 14 18 20 23 25 28
1 4 8 11 12 15 16 21 23 27
0 2 4 5 9 10 16 17 22 25
0 1 3 4 16 18 21 23 24 27
1 2 6 7 12 14 15 18 19 26
0 1 6 7 8 11 13 19 25 27
0 2 3 6 14 19 21 22 26 28
1 3 9 11 13 15 17 20 22 27
0 1 4 6 9 14 17 18 24 25
0 1 7 8 13 14 20 23 24 25
2 3 4 9 10 14 15 17 18 20
0 1 2 3 5 13 17 19 20 22
0 2 3 5 8 16 17 19 26 28
5 6 7 8 10 11 12 13 15 23
0 1 2 5 7 13 16 18 23 25
0 1 2 5 7 12 16 18 23 26
7 8 9 11 12 15 16 26 27 28
0 1 6 7 9 12 13 18 24 27
0 4 5 9 17 18 20 24 25 28
4 8 9 10 11 14 15 20 21 25
0 1 3 4 6 9 11 14 17 18
1 5 8 9 11 12 13 15 16 21
0 1 5 6 9 11 12 13 21 22
0 2 3 6 7 10 13 19 22 27
1 4 5 6 8 11 12 15 17 19
0 1 4 6 7 8 11 12 14 19
0 2 3 4 7 10 14 18 20 23
4 7 8 9 11 12 14 15 16 28
0 1 2 3 5 7 13 16 18 19
0 3 5 8 10 16 21 23 24 26
1 2 7 13 14 15 19 20 22 25
0 1 2 5 8 12 16 19 21 26
0 2 3 4 7 16 18 19 27 28
4 6 8 9 10 11 12 14 15 21
0 1 2 3 6 9 13 14 17 18
0 4 5 7 9 10 16 18 24 25
1 2 6 8 12 13 14 15 19 21
0 1 2 5 6 13 18 19 21 25
0 2 3 6 8 10 14 19 21 26
3 5 6 10 15 17 18 23 24 26
0 1 2 3 4 16 18 19 21 27
0 1 2 5 6 9 12 13 17 18
1 3 5 9 11 13 15 16 17 22
0 3 5 7 8 10 11 19 20 26
0 4 5 6 9 10 11 12 21 22
0 2 3 6 7 10 13 14 22 23
